2025-12-21 17:59:49,672 - [DEBUG] - y_true: (1447,) [0 0 0 0 0 1 0 0 0 0 0 0 0 0 0 0 0 1 0 0 0 0 0 0 1 0 0 0 0 0 0 0 0 0 0 0 0
 0 1 1 0]
2025-12-21 17:59:49,823 - [DEBUG] - y_rrl_: (1447,) [0 0 0 0 0 0 0 0 0 0 0 0 0 0 0 0 0 0 0 0 0 0 0 0 0 0 0 0 0 0 0 0 0 0 0 0 0
 0 0 0 0]
2025-12-21 17:59:49,823 - [DEBUG] - y_rrl: (1447, 2) [[0.4808382  0.13588947]
 [0.5005522  0.11993445]
 [0.5005522  0.11993445]
 [0.5561215  0.09088352]
 [0.5561215  0.09088352]
 [0.5561215  0.09088352]
 [0.4808382  0.13588947]
 [0.5561215  0.09088352]
 [0.4808382  0.13588947]
 [0.5561215  0.09088352]
 [0.4544418  0.21264222]
 [0.42526886 0.1649404 ]
 [0.5005522  0.11993445]
 [0.5561215  0.09088352]
 [0.5561215  0.09088352]
 [0.5561215  0.09088352]
 [0.5561215  0.09088352]
 [0.5561215  0.09088352]
 [0.5561215  0.09088352]
 [0.5561215  0.09088352]
 [0.5561215  0.09088352]
 [0.5561215  0.09088352]
 [0.5561215  0.09088352]
 [0.4808382  0.13588947]
 [0.5561215  0.09088352]
 [0.5561215  0.09088352]
 [0.5005522  0.11993445]
 [0.4808382  0.13588947]
 [0.5561215  0.09088352]
 [0.4865641  0.10354868]
 [0.5561215  0.09088352]
 [0.5561215  0.09088352]
 [0.5561215  0.09088352]
 [0.5561215  0.09088352]
 [0.5561215  0.09088352]
 [0.5561215  0.09088352]
 [0.5561215  0.09088352]
 [0.5561215  0.09088352]
 [0.5561215  0.09088352]
 [0.35223362 0.18348405]
 [0.5561215  0.09088352]]
2025-12-21 17:59:49,825 - [INFO] - ------------------------------------------------------------
2025-12-21 17:59:49,826 - [INFO] - On Validation Set:
	Accuracy of RRL  Model: 0.8887353144436766
	F1 Score of RRL  Model: 0.47054518843761434
2025-12-21 17:59:49,832 - [INFO] - On Validation Set:
Performance of  RRL Model: 
[[1286    0]
 [ 161    0]]
              precision    recall  f1-score   support

           0       0.89      1.00      0.94      1286
           1       0.00      0.00      0.00       161

    accuracy                           0.89      1447
   macro avg       0.44      0.50      0.47      1447
weighted avg       0.79      0.89      0.84      1447

2025-12-21 17:59:49,832 - [INFO] - ------------------------------------------------------------
2025-12-21 17:59:51,137 - [INFO] - epoch: 0, loss_rrl: 155.30252520367503
2025-12-21 17:59:51,370 - [DEBUG] - y_true: (1447,) [0 0 0 0 0 1 0 0 0 0 0 0 0 0 0 0 0 1 0 0 0 0 0 0 1 0 0 0 0 0 0 0 0 0 0 0 0
 0 1 1 0]
2025-12-21 17:59:51,521 - [DEBUG] - y_rrl_: (1447,) [0 0 0 0 0 1 0 0 0 0 0 0 0 0 0 0 0 0 0 0 0 0 0 0 1 0 0 0 0 0 0 0 0 0 0 0 0
 0 1 0 0]
2025-12-21 17:59:51,521 - [DEBUG] - y_rrl: (1447, 2) [[ 2.0186267  -1.4430647 ]
 [ 0.9349539  -0.4630139 ]
 [ 1.8768847  -1.33036   ]
 [ 1.8768847  -1.33036   ]
 [ 2.0186267  -1.4430647 ]
 [-0.3404569   0.7967481 ]
 [ 2.1759648  -1.6671987 ]
 [ 1.8768847  -1.33036   ]
 [ 2.1759648  -1.6671987 ]
 [ 1.2605665  -0.6603179 ]
 [ 0.56890404 -0.10667394]
 [ 1.3500633  -0.89647174]
 [ 1.2030013  -0.6644358 ]
 [ 1.8768847  -1.33036   ]
 [ 1.7195466  -1.1062261 ]
 [ 1.6181107  -1.0978936 ]
 [ 1.8768847  -1.33036   ]
 [ 0.7337451  -0.22642957]
 [ 0.9349539  -0.4630139 ]
 [ 1.4514992  -0.90480417]
 [ 2.0186267  -1.4430647 ]
 [ 1.8768847  -1.33036   ]
 [ 2.0186267  -1.4430647 ]
 [ 1.7195466  -1.1062261 ]
 [-0.3404569   0.7967481 ]
 [ 0.3186357   0.20702828]
 [ 1.3500633  -0.89647174]
 [ 1.7195466  -1.1062261 ]
 [ 1.3500633  -0.89647174]
 [ 1.8768847  -1.33036   ]
 [ 2.1759648  -1.6671987 ]
 [ 1.4514992  -0.90480417]
 [ 0.56890404 -0.10667394]
 [ 0.7337451  -0.22642957]
 [ 2.0186267  -1.4430647 ]
 [ 1.8768847  -1.33036   ]
 [ 2.1759648  -1.6671987 ]
 [ 1.7195466  -1.1062261 ]
 [ 0.07465246  0.36329025]
 [ 1.0581391  -0.5169056 ]
 [ 1.8768847  -1.33036   ]]
2025-12-21 17:59:51,523 - [INFO] - ------------------------------------------------------------
2025-12-21 17:59:51,523 - [INFO] - On Validation Set:
	Accuracy of RRL  Model: 0.899101589495508
	F1 Score of RRL  Model: 0.6732725023198267
2025-12-21 17:59:51,529 - [INFO] - On Validation Set:
Performance of  RRL Model: 
[[1252   34]
 [ 112   49]]
              precision    recall  f1-score   support

           0       0.92      0.97      0.94      1286
           1       0.59      0.30      0.40       161

    accuracy                           0.90      1447
   macro avg       0.75      0.64      0.67      1447
weighted avg       0.88      0.90      0.88      1447

2025-12-21 17:59:51,530 - [INFO] - ------------------------------------------------------------
2025-12-21 17:59:53,116 - [INFO] - epoch: 1, loss_rrl: 116.9635019339621
2025-12-21 17:59:53,669 - [DEBUG] - y_true: (1447,) [0 0 0 0 0 1 0 0 0 0 0 0 0 0 0 0 0 1 0 0 0 0 0 0 1 0 0 0 0 0 0 0 0 0 0 0 0
 0 1 1 0]
2025-12-21 17:59:53,820 - [DEBUG] - y_rrl_: (1447,) [0 0 0 0 0 1 0 0 0 0 0 0 0 0 0 0 0 0 0 0 0 0 0 0 1 0 0 0 0 0 0 0 0 0 0 0 0
 0 0 0 0]
2025-12-21 17:59:53,821 - [DEBUG] - y_rrl: (1447, 2) [[ 2.319774   -1.7635342 ]
 [ 1.0117813  -0.5586424 ]
 [ 2.0323672  -1.4390373 ]
 [ 2.0323672  -1.4390373 ]
 [ 2.319774   -1.7635342 ]
 [ 0.14638165  0.43937075]
 [ 2.319774   -1.7635342 ]
 [ 2.0323672  -1.4390373 ]
 [ 2.319774   -1.7635342 ]
 [ 1.4403611  -0.7956769 ]
 [ 0.5879163  -0.08017088]
 [ 1.3792753  -0.87803215]
 [ 1.7524937  -1.1851972 ]
 [ 2.0323672  -1.4390373 ]
 [ 2.0323672  -1.4390373 ]
 [ 2.0399003  -1.5096941 ]
 [ 2.0323672  -1.4390373 ]
 [ 0.78726923 -0.23467162]
 [ 1.6724063  -1.1903044 ]
 [ 1.6591489  -1.1318722 ]
 [ 1.9522799  -1.4441445 ]
 [ 2.0323672  -1.4390373 ]
 [ 1.9522799  -1.4441445 ]
 [ 2.0323672  -1.4390373 ]
 [-1.0975436   1.6525713 ]
 [ 0.78726923 -0.23467162]
 [ 1.3792753  -0.87803215]
 [ 2.0323672  -1.4390373 ]
 [ 1.3792753  -0.87803215]
 [ 2.0323672  -1.4390373 ]
 [ 2.319774   -1.7635342 ]
 [ 1.2916548  -0.8124825 ]
 [ 0.5879163  -0.08017088]
 [ 0.78726923 -0.23467162]
 [ 2.319774   -1.7635342 ]
 [ 2.0323672  -1.4390373 ]
 [ 2.0399003  -1.5096941 ]
 [ 2.0323672  -1.4390373 ]
 [ 0.51960003  0.1322056 ]
 [ 0.34895417  0.28287777]
 [ 2.0323672  -1.4390373 ]]
2025-12-21 17:59:53,823 - [INFO] - ------------------------------------------------------------
2025-12-21 17:59:53,823 - [INFO] - On Validation Set:
	Accuracy of RRL  Model: 0.9032480995162405
	F1 Score of RRL  Model: 0.706228682800065
2025-12-21 17:59:53,829 - [INFO] - On Validation Set:
Performance of  RRL Model: 
[[1246   40]
 [ 100   61]]
              precision    recall  f1-score   support

           0       0.93      0.97      0.95      1286
           1       0.60      0.38      0.47       161

    accuracy                           0.90      1447
   macro avg       0.76      0.67      0.71      1447
weighted avg       0.89      0.90      0.89      1447

2025-12-21 17:59:53,829 - [INFO] - ------------------------------------------------------------
2025-12-21 17:59:54,945 - [INFO] - epoch: 2, loss_rrl: 114.26929739117622
2025-12-21 17:59:55,741 - [DEBUG] - y_true: (1447,) [0 0 0 0 0 1 0 0 0 0 0 0 0 0 0 0 0 1 0 0 0 0 0 0 1 0 0 0 0 0 0 0 0 0 0 0 0
 0 1 1 0]
2025-12-21 17:59:55,896 - [DEBUG] - y_rrl_: (1447,) [0 0 0 0 0 1 0 0 0 0 0 0 0 0 0 0 0 0 0 0 0 0 0 0 1 0 0 0 0 0 0 0 0 0 0 0 0
 0 0 0 0]
2025-12-21 17:59:55,897 - [DEBUG] - y_rrl: (1447, 2) [[ 1.921902   -1.4172921 ]
 [ 0.4642948  -0.03547222]
 [ 1.3792223  -0.83707654]
 [ 1.3792223  -0.83707654]
 [ 1.921902   -1.4172921 ]
 [ 0.0856065   0.39743945]
 [ 1.921902   -1.4172921 ]
 [ 1.5805209  -1.0749669 ]
 [ 1.921902   -1.4172921 ]
 [ 0.89982706 -0.3432566 ]
 [ 0.6202131  -0.13669637]
 [ 1.3009069  -0.8684068 ]
 [ 1.3076267  -0.831928  ]
 [ 1.5872407  -1.0384881 ]
 [ 1.7206032  -1.1794018 ]
 [ 1.7206032  -1.1794018 ]
 [ 1.7138834  -1.2158805 ]
 [ 0.4868505   0.00421711]
 [ 0.87727135 -0.38294592]
 [ 1.3792223  -0.83707654]
 [ 1.5872407  -1.0384881 ]
 [ 1.7206032  -1.1794018 ]
 [ 1.7206032  -1.1794018 ]
 [ 1.5872407  -1.0384881 ]
 [-0.97280616  1.4558369 ]
 [ 0.41891438  0.10119399]
 [ 1.0996082  -0.6305164 ]
 [ 1.5872407  -1.0384881 ]
 [ 1.5125847  -0.97799015]
 [ 1.5125847  -0.97799015]
 [ 1.7885394  -1.2763785 ]
 [ 1.3792223  -0.83707654]
 [ 0.41891438  0.10119399]
 [ 0.28555185  0.24210748]
 [ 1.921902   -1.4172921 ]
 [ 1.5805209  -1.0749669 ]
 [ 1.7206032  -1.1794018 ]
 [ 1.5872407  -1.0384881 ]
 [ 0.28690517  0.15954909]
 [ 0.85785544 -0.28099725]
 [ 1.5805209  -1.0749669 ]]
2025-12-21 17:59:55,899 - [INFO] - ------------------------------------------------------------
2025-12-21 17:59:55,899 - [INFO] - On Validation Set:
	Accuracy of RRL  Model: 0.907394609536973
	F1 Score of RRL  Model: 0.7244859101294745
2025-12-21 17:59:55,905 - [INFO] - On Validation Set:
Performance of  RRL Model: 
[[1246   40]
 [  94   67]]
              precision    recall  f1-score   support

           0       0.93      0.97      0.95      1286
           1       0.63      0.42      0.50       161

    accuracy                           0.91      1447
   macro avg       0.78      0.69      0.72      1447
weighted avg       0.90      0.91      0.90      1447

2025-12-21 17:59:55,905 - [INFO] - ------------------------------------------------------------
2025-12-21 17:59:56,589 - [INFO] - epoch: 3, loss_rrl: 115.54567033052444
2025-12-21 17:59:57,673 - [DEBUG] - y_true: (1447,) [0 0 0 0 0 1 0 0 0 0 0 0 0 0 0 0 0 1 0 0 0 0 0 0 1 0 0 0 0 0 0 0 0 0 0 0 0
 0 1 1 0]
2025-12-21 17:59:57,830 - [DEBUG] - y_rrl_: (1447,) [0 0 0 0 0 1 0 0 0 0 0 0 0 0 0 0 0 0 0 0 0 0 0 0 1 0 0 0 0 0 0 0 0 0 0 0 0
 0 0 0 0]
2025-12-21 17:59:57,830 - [DEBUG] - y_rrl: (1447, 2) [[ 2.0509508  -1.5477544 ]
 [ 0.55260843 -0.12484013]
 [ 1.4872875  -0.94695574]
 [ 1.4872875  -0.94695574]
 [ 2.0509508  -1.5477544 ]
 [ 0.03175574  0.44985095]
 [ 2.0509508  -1.5477544 ]
 [ 1.7001479  -1.1960102 ]
 [ 2.0509508  -1.5477544 ]
 [ 1.1933769  -0.65163165]
 [ 0.938883   -0.4696486 ]
 [ 1.445654   -1.0140272 ]
 [ 1.8380904  -1.2986999 ]
 [ 1.7003111  -1.1534073 ]
 [ 1.8380904  -1.2986999 ]
 [ 1.8380904  -1.2986999 ]
 [ 1.8379273  -1.3413028 ]
 [ 0.8011036  -0.32435614]
 [ 0.9448818  -0.45211565]
 [ 1.0950142  -0.6196802 ]
 [ 1.7003111  -1.1534073 ]
 [ 1.8380904  -1.2986999 ]
 [ 1.8380904  -1.2986999 ]
 [ 1.7003111  -1.1534073 ]
 [-0.79077697  1.3197683 ]
 [ 0.7260226  -0.22059414]
 [ 1.2327936  -0.76497275]
 [ 1.7003111  -1.1534073 ]
 [ 1.2327936  -0.76497275]
 [ 1.6250669  -1.0922482 ]
 [ 1.9131715  -1.4024618 ]
 [ 1.4872875  -0.94695574]
 [ 0.7260226  -0.22059414]
 [ 0.5882431  -0.07530167]
 [ 2.0509508  -1.5477544 ]
 [ 1.7001479  -1.1960102 ]
 [ 1.8380904  -1.2986999 ]
 [ 1.7003111  -1.1534073 ]
 [ 0.63688946 -0.12647906]
 [ 1.5959859  -1.0019114 ]
 [ 1.7001479  -1.1960102 ]]
2025-12-21 17:59:57,833 - [INFO] - ------------------------------------------------------------
2025-12-21 17:59:57,833 - [INFO] - On Validation Set:
	Accuracy of RRL  Model: 0.9108500345542502
	F1 Score of RRL  Model: 0.724567624157271
2025-12-21 17:59:57,839 - [INFO] - On Validation Set:
Performance of  RRL Model: 
[[1254   32]
 [  97   64]]
              precision    recall  f1-score   support

           0       0.93      0.98      0.95      1286
           1       0.67      0.40      0.50       161

    accuracy                           0.91      1447
   macro avg       0.80      0.69      0.72      1447
weighted avg       0.90      0.91      0.90      1447

2025-12-21 17:59:57,839 - [INFO] - ------------------------------------------------------------
2025-12-21 17:59:58,400 - [INFO] - epoch: 4, loss_rrl: 112.87733143754303
2025-12-21 17:59:59,740 - [DEBUG] - y_true: (1447,) [0 0 0 0 0 1 0 0 0 0 0 0 0 0 0 0 0 1 0 0 0 0 0 0 1 0 0 0 0 0 0 0 0 0 0 0 0
 0 1 1 0]
2025-12-21 17:59:59,894 - [DEBUG] - y_rrl_: (1447,) [0 0 0 0 0 1 0 0 0 0 0 0 0 0 0 0 0 0 0 0 0 0 0 0 1 0 0 0 0 0 0 0 0 0 0 0 0
 0 0 0 0]
2025-12-21 17:59:59,895 - [DEBUG] - y_rrl: (1447, 2) [[ 1.8889065  -1.3512731 ]
 [ 0.7251803  -0.30592683]
 [ 1.6631376  -1.1320446 ]
 [ 1.888227   -1.3929663 ]
 [ 1.6347859  -1.1112876 ]
 [ 0.08040486  0.39232272]
 [ 2.113996   -1.6121948 ]
 [ 1.888227   -1.3929663 ]
 [ 2.113996   -1.6121948 ]
 [ 1.3436747  -0.81105876]
 [ 0.9562939  -0.48819315]
 [ 1.5008461  -1.0701005 ]
 [ 1.5015256  -1.0284073 ]
 [ 1.4724946  -1.0493436 ]
 [ 1.7266152  -1.289329  ]
 [ 2.113996   -1.6121948 ]
 [ 1.6341064  -1.1529806 ]
 [ 0.9562939  -0.48819315]
 [ 1.3376507  -0.88971406]
 [ 1.5008461  -1.0701005 ]
 [ 2.113996   -1.6121948 ]
 [ 1.7266152  -1.289329  ]
 [ 2.113996   -1.6121948 ]
 [ 1.8598754  -1.3722091 ]
 [-0.69117576  1.2107885 ]
 [ 0.7312044  -0.22727153]
 [ 1.2757567  -0.8091789 ]
 [ 1.7266152  -1.289329  ]
 [ 1.2757567  -0.8091789 ]
 [ 1.888227   -1.3929663 ]
 [ 2.113996   -1.6121948 ]
 [ 1.888227   -1.3929663 ]
 [ 0.7312044  -0.22727153]
 [ 0.7312044  -0.22727153]
 [ 1.8889065  -1.3512731 ]
 [ 1.888227   -1.3929663 ]
 [ 1.8889065  -1.3512731 ]
 [ 1.7266152  -1.289329  ]
 [ 0.6928752  -0.19146454]
 [ 1.4361835  -0.9474073 ]
 [ 1.888227   -1.3929663 ]]
2025-12-21 17:59:59,897 - [INFO] - ------------------------------------------------------------
2025-12-21 17:59:59,897 - [INFO] - On Validation Set:
	Accuracy of RRL  Model: 0.9067035245335177
	F1 Score of RRL  Model: 0.6967601324447797
2025-12-21 17:59:59,903 - [INFO] - On Validation Set:
Performance of  RRL Model: 
[[1258   28]
 [ 107   54]]
              precision    recall  f1-score   support

           0       0.92      0.98      0.95      1286
           1       0.66      0.34      0.44       161

    accuracy                           0.91      1447
   macro avg       0.79      0.66      0.70      1447
weighted avg       0.89      0.91      0.89      1447

2025-12-21 17:59:59,903 - [INFO] - ------------------------------------------------------------
2025-12-21 18:00:00,197 - [INFO] - epoch: 5, loss_rrl: 111.24984491989017
2025-12-21 18:00:01,631 - [DEBUG] - y_true: (1447,) [0 0 0 0 0 1 0 0 0 0 0 0 0 0 0 0 0 1 0 0 0 0 0 0 1 0 0 0 0 0 0 0 0 0 0 0 0
 0 1 1 0]
2025-12-21 18:00:01,784 - [DEBUG] - y_rrl_: (1447,) [0 0 0 0 0 1 0 0 0 0 0 0 0 0 0 0 0 0 0 0 0 0 0 0 1 0 0 0 0 0 0 0 0 0 0 0 0
 0 0 0 0]
2025-12-21 18:00:01,784 - [DEBUG] - y_rrl: (1447, 2) [[ 2.102923   -1.5669725 ]
 [ 1.0487089  -0.62245977]
 [ 1.7686753  -1.2377785 ]
 [ 1.7686753  -1.2377785 ]
 [ 2.102923   -1.5669725 ]
 [ 0.17083274  0.30202705]
 [ 2.102923   -1.5669725 ]
 [ 1.9949769  -1.4995738 ]
 [ 2.3292243  -1.8287677 ]
 [ 1.4776087  -0.94509864]
 [ 1.0945284  -0.6260836 ]
 [ 1.8324165  -1.3945671 ]
 [ 1.7198427  -1.2479575 ]
 [ 2.102923   -1.5669725 ]
 [ 1.5455168  -1.0566603 ]
 [ 2.102923   -1.5669725 ]
 [ 1.9949769  -1.4995738 ]
 [ 1.0945284  -0.6260836 ]
 [ 1.2112693  -0.72746646]
 [ 1.2112693  -0.72746646]
 [ 1.5455168  -1.0566603 ]
 [ 2.102923   -1.5669725 ]
 [ 1.1624366  -0.7376453 ]
 [ 1.5455168  -1.0566603 ]
 [-0.26749265  0.7917524 ]
 [ 1.088747   -0.57829666]
 [ 1.3855951  -0.9187635 ]
 [ 1.5455168  -1.0566603 ]
 [ 1.7686753  -1.2377785 ]
 [ 1.9891952  -1.4517869 ]
 [ 2.3292243  -1.8287677 ]
 [ 1.7686753  -1.2377785 ]
 [ 0.868227   -0.36428833]
 [ 0.868227   -0.36428833]
 [ 2.102923   -1.5669725 ]
 [ 2.2154968  -1.7135822 ]
 [ 1.7198427  -1.2479575 ]
 [ 1.5455168  -1.0566603 ]
 [ 0.39713424  0.04023178]
 [ 1.4678402  -0.941641  ]
 [ 1.9949769  -1.4995738 ]]
2025-12-21 18:00:01,786 - [INFO] - ------------------------------------------------------------
2025-12-21 18:00:01,786 - [INFO] - On Validation Set:
	Accuracy of RRL  Model: 0.9046302695231514
	F1 Score of RRL  Model: 0.6518238248012275
2025-12-21 18:00:01,792 - [INFO] - On Validation Set:
Performance of  RRL Model: 
[[1271   15]
 [ 123   38]]
              precision    recall  f1-score   support

           0       0.91      0.99      0.95      1286
           1       0.72      0.24      0.36       161

    accuracy                           0.90      1447
   macro avg       0.81      0.61      0.65      1447
weighted avg       0.89      0.90      0.88      1447

2025-12-21 18:00:01,793 - [INFO] - ------------------------------------------------------------
2025-12-21 18:00:01,823 - [INFO] - epoch: 6, loss_rrl: 112.06176255829632
2025-12-21 18:00:03,180 - [INFO] - epoch: 7, loss_rrl: 112.19653386808932
2025-12-21 18:00:03,395 - [DEBUG] - y_true: (1447,) [0 0 0 0 0 1 0 0 0 0 0 0 0 0 0 0 0 1 0 0 0 0 0 0 1 0 0 0 0 0 0 0 0 0 0 0 0
 0 1 1 0]
2025-12-21 18:00:03,546 - [DEBUG] - y_rrl_: (1447,) [0 0 0 0 0 1 0 0 0 0 0 0 0 0 0 0 0 0 0 0 0 0 0 0 1 0 0 0 0 0 0 0 0 0 0 0 0
 0 0 0 0]
2025-12-21 18:00:03,547 - [DEBUG] - y_rrl: (1447, 2) [[ 1.7981161  -1.2778056 ]
 [ 0.57920104 -0.15304512]
 [ 1.5208255  -1.0934888 ]
 [ 1.7345213  -1.2932154 ]
 [ 1.7981161  -1.2778056 ]
 [-0.11787822  0.59679985]
 [ 2.2609444  -1.822006  ]
 [ 1.7345213  -1.2932154 ]
 [ 2.2609444  -1.822006  ]
 [ 1.2343473  -0.75618744]
 [ 1.337867   -0.867108  ]
 [ 1.838041   -1.4041358 ]
 [ 1.6516305  -1.1809754 ]
 [ 1.9437293  -1.5113587 ]
 [ 2.2230465  -1.7239486 ]
 [ 2.0472488  -1.6222793 ]
 [ 1.6243454  -1.2044091 ]
 [ 1.2343473  -0.75618744]
 [ 0.9369215  -0.49629176]
 [ 1.6966234  -1.195158  ]
 [ 1.5735208  -1.1138885 ]
 [ 2.0472488  -1.6222793 ]
 [ 1.1031635  -0.7285254 ]
 [ 1.9058315  -1.4133013 ]
 [-0.91734976  1.4405891 ]
 [ 0.7285531  -0.22607738]
 [ 1.2666248  -0.86116266]
 [ 2.1195269  -1.6130282 ]
 [ 1.6268061  -1.1577195 ]
 [ 1.8001431  -1.3060784 ]
 [ 2.1574247  -1.7110856 ]
 [ 1.6966234  -1.195158  ]
 [ 0.7664509  -0.32413477]
 [ 0.66293114 -0.21321425]
 [ 2.0118117  -1.4775323 ]
 [ 1.7345213  -1.2932154 ]
 [ 1.4758327  -1.0793061 ]
 [ 1.9058315  -1.4133013 ]
 [ 0.4914357  -0.04423083]
 [ 0.96129924 -0.4411891 ]
 [ 1.5208255  -1.0934888 ]]
2025-12-21 18:00:03,549 - [INFO] - ------------------------------------------------------------
2025-12-21 18:00:03,549 - [INFO] - On Validation Set:
	Accuracy of RRL  Model: 0.9101589495507948
	F1 Score of RRL  Model: 0.727212348314346
2025-12-21 18:00:03,555 - [INFO] - On Validation Set:
Performance of  RRL Model: 
[[1251   35]
 [  95   66]]
              precision    recall  f1-score   support

           0       0.93      0.97      0.95      1286
           1       0.65      0.41      0.50       161

    accuracy                           0.91      1447
   macro avg       0.79      0.69      0.73      1447
weighted avg       0.90      0.91      0.90      1447

2025-12-21 18:00:03,555 - [INFO] - ------------------------------------------------------------
2025-12-21 18:00:04,967 - [INFO] - epoch: 8, loss_rrl: 111.46752657182515
2025-12-21 18:00:05,716 - [DEBUG] - y_true: (1447,) [0 0 0 0 0 1 0 0 0 0 0 0 0 0 0 0 0 1 0 0 0 0 0 0 1 0 0 0 0 0 0 0 0 0 0 0 0
 0 1 1 0]
2025-12-21 18:00:05,869 - [DEBUG] - y_rrl_: (1447,) [0 0 0 0 0 1 0 0 0 0 0 0 0 0 0 0 0 0 0 0 0 0 0 0 1 0 0 0 0 0 0 0 1 1 0 0 0
 0 0 1 0]
2025-12-21 18:00:05,870 - [DEBUG] - y_rrl: (1447, 2) [[ 2.0341358e+00 -1.5502870e+00]
 [ 6.5966123e-01 -2.4189253e-01]
 [ 1.5596349e+00 -1.0807986e+00]
 [ 1.7366636e+00 -1.2439443e+00]
 [ 2.0341358e+00 -1.5502870e+00]
 [-1.4559792e-01  6.6006643e-01]
 [ 2.2111645e+00 -1.7134328e+00]
 [ 1.7366636e+00 -1.2439443e+00]
 [ 2.2111645e+00 -1.7134328e+00]
 [ 1.0789162e+00 -5.7510656e-01]
 [ 2.2668125e-01  1.6728453e-01]
 [ 8.8442868e-01 -5.0155318e-01]
 [ 1.6439101e+00 -1.1744907e+00]
 [ 2.0341358e+00 -1.5502870e+00]
 [ 2.2111645e+00 -1.7134328e+00]
 [ 1.5243878e+00 -1.0871773e+00]
 [ 1.5596349e+00 -1.0807986e+00]
 [ 2.2668125e-01  1.6728453e-01]
 [ 1.0498871e+00 -6.1768883e-01]
 [ 1.7366636e+00 -1.2439443e+00]
 [ 2.2111645e+00 -1.7134328e+00]
 [ 2.0341358e+00 -1.5502870e+00]
 [ 2.0341358e+00 -1.5502870e+00]
 [ 2.0341358e+00 -1.5502870e+00]
 [-1.0271302e+00  1.5853115e+00]
 [ 5.1166171e-01 -3.6164507e-02]
 [ 1.1694092e+00 -7.0500225e-01]
 [ 2.2111645e+00 -1.7134328e+00]
 [ 1.5118961e+00 -9.8428363e-01]
 [ 1.7366636e+00 -1.2439443e+00]
 [ 2.2111645e+00 -1.7134328e+00]
 [ 1.7366636e+00 -1.2439443e+00]
 [ 1.9137710e-03  4.2694521e-01]
 [ 1.9137710e-03  4.2694521e-01]
 [ 2.2111645e+00 -1.7134328e+00]
 [ 1.7366636e+00 -1.2439443e+00]
 [ 1.8093684e+00 -1.2906263e+00]
 [ 2.0341358e+00 -1.5502870e+00]
 [ 4.2165655e-01  1.2112440e-01]
 [ 1.5374616e-02  4.5281941e-01]
 [ 1.5596349e+00 -1.0807986e+00]]
2025-12-21 18:00:05,872 - [INFO] - ------------------------------------------------------------
2025-12-21 18:00:05,872 - [INFO] - On Validation Set:
	Accuracy of RRL  Model: 0.9101589495507948
	F1 Score of RRL  Model: 0.741339955558489
2025-12-21 18:00:05,878 - [INFO] - On Validation Set:
Performance of  RRL Model: 
[[1243   43]
 [  87   74]]
              precision    recall  f1-score   support

           0       0.93      0.97      0.95      1286
           1       0.63      0.46      0.53       161

    accuracy                           0.91      1447
   macro avg       0.78      0.71      0.74      1447
weighted avg       0.90      0.91      0.90      1447

2025-12-21 18:00:05,878 - [INFO] - ------------------------------------------------------------
2025-12-21 18:00:06,807 - [INFO] - epoch: 9, loss_rrl: 112.50414096005261
2025-12-21 18:00:07,450 - [DEBUG] - y_true: (1447,) [0 0 0 0 0 1 0 0 0 0 0 0 0 0 0 0 0 1 0 0 0 0 0 0 1 0 0 0 0 0 0 0 0 0 0 0 0
 0 1 1 0]
2025-12-21 18:00:07,600 - [DEBUG] - y_rrl_: (1447,) [0 0 0 0 0 1 0 0 0 0 0 0 0 0 0 0 0 0 0 0 0 0 0 0 1 0 0 0 0 0 0 0 1 1 0 0 0
 0 0 0 0]
2025-12-21 18:00:07,601 - [DEBUG] - y_rrl: (1447, 2) [[ 2.1133938  -1.6372612 ]
 [ 0.8693705  -0.45260057]
 [ 1.7724669  -1.2948982 ]
 [ 1.9546659  -1.4633026 ]
 [ 2.1133938  -1.6372612 ]
 [ 0.11296523  0.3558564 ]
 [ 2.2955928  -1.8056655 ]
 [ 1.9546659  -1.4633026 ]
 [ 2.2955928  -1.8056655 ]
 [ 1.2790152  -0.776696  ]
 [ 0.44899127 -0.05588541]
 [ 1.124642   -0.74249196]
 [ 1.7026368  -1.2408956 ]
 [ 2.1133938  -1.6372612 ]
 [ 2.2955928  -1.8056655 ]
 [ 1.3657831  -0.9014375 ]
 [ 1.7724669  -1.2948982 ]
 [ 0.44899127 -0.05588541]
 [ 1.0248561  -0.55907464]
 [ 1.9546659  -1.4633026 ]
 [ 1.8032539  -1.3597332 ]
 [ 2.1133938  -1.6372612 ]
 [ 1.2833699  -0.9164505 ]
 [ 2.1133938  -1.6372612 ]
 [-0.783174    1.2950798 ]
 [ 0.686059   -0.21192628]
 [ 1.3617097  -0.8985328 ]
 [ 2.2955928  -1.8056655 ]
 [ 1.6993945  -1.1734113 ]
 [ 1.9546659  -1.4633026 ]
 [ 2.2955928  -1.8056655 ]
 [ 1.9546659  -1.4633026 ]
 [ 0.19371974  0.23400593]
 [ 0.19371974  0.23400593]
 [ 2.2955928  -1.8056655 ]
 [ 1.9546659  -1.4633026 ]
 [ 1.5204376  -1.0724913 ]
 [ 2.1133938  -1.6372612 ]
 [ 0.70592153 -0.20891333]
 [ 0.38723087  0.02277252]
 [ 1.7724669  -1.2948982 ]]
2025-12-21 18:00:07,603 - [INFO] - ------------------------------------------------------------
2025-12-21 18:00:07,603 - [INFO] - On Validation Set:
	Accuracy of RRL  Model: 0.9011748445058743
	F1 Score of RRL  Model: 0.637650095525284
2025-12-21 18:00:07,609 - [INFO] - On Validation Set:
Performance of  RRL Model: 
[[1269   17]
 [ 126   35]]
              precision    recall  f1-score   support

           0       0.91      0.99      0.95      1286
           1       0.67      0.22      0.33       161

    accuracy                           0.90      1447
   macro avg       0.79      0.60      0.64      1447
weighted avg       0.88      0.90      0.88      1447

2025-12-21 18:00:07,609 - [INFO] - ------------------------------------------------------------
2025-12-21 18:00:08,335 - [INFO] - epoch: 10, loss_rrl: 113.20027423463762
2025-12-21 18:00:09,168 - [DEBUG] - y_true: (1447,) [0 0 0 0 0 1 0 0 0 0 0 0 0 0 0 0 0 1 0 0 0 0 0 0 1 0 0 0 0 0 0 0 0 0 0 0 0
 0 1 1 0]
2025-12-21 18:00:09,316 - [DEBUG] - y_rrl_: (1447,) [0 0 0 0 0 1 0 0 0 0 0 0 0 0 0 0 0 0 0 0 0 0 0 0 1 0 0 0 0 0 0 0 0 0 0 0 0
 0 0 0 0]
2025-12-21 18:00:09,316 - [DEBUG] - y_rrl: (1447, 2) [[ 1.8549535  -1.3320582 ]
 [ 0.53441614 -0.11139192]
 [ 1.6048887  -1.1076255 ]
 [ 1.6048887  -1.1076255 ]
 [ 1.8549535  -1.3320582 ]
 [ 0.09526012  0.48582697]
 [ 1.8549535  -1.3320582 ]
 [ 1.6048887  -1.1076255 ]
 [ 2.1330976  -1.6445539 ]
 [ 0.94431394 -0.4362198 ]
 [ 0.74382246 -0.30543593]
 [ 1.4043971  -0.9768416 ]
 [ 1.5425731  -1.0820956 ]
 [ 1.7430644  -1.2128794 ]
 [ 1.8549535  -1.3320582 ]
 [ 2.1330976  -1.6445539 ]
 [ 1.7167776  -1.2268043 ]
 [ 0.63193357 -0.18625727]
 [ 1.1249409  -0.67385006]
 [ 1.3267443  -0.7951297 ]
 [ 1.541261   -1.0915997 ]
 [ 1.8549535  -1.3320582 ]
 [ 1.3750057  -0.8982828 ]
 [ 1.7430644  -1.2128794 ]
 [-0.84254247  1.4660683 ]
 [ 0.46567822  0.00705969]
 [ 1.126253   -0.664346  ]
 [ 1.7430644  -1.2128794 ]
 [ 1.4386334  -0.9143085 ]
 [ 1.7167776  -1.2268043 ]
 [ 2.0212088  -1.5253751 ]
 [ 1.3267443  -0.7951297 ]
 [ 0.46567822  0.00705969]
 [ 0.35378927  0.12623835]
 [ 1.8549535  -1.3320582 ]
 [ 1.6048887  -1.1076255 ]
 [ 1.8549535  -1.3320582 ]
 [ 1.7430644  -1.2128794 ]
 [ 0.37340438  0.17333136]
 [ 1.5606414  -1.0847373 ]
 [ 1.6048887  -1.1076255 ]]
2025-12-21 18:00:09,318 - [INFO] - ------------------------------------------------------------
2025-12-21 18:00:09,318 - [INFO] - On Validation Set:
	Accuracy of RRL  Model: 0.9149965445749827
	F1 Score of RRL  Model: 0.7479468932554434
2025-12-21 18:00:09,324 - [INFO] - On Validation Set:
Performance of  RRL Model: 
[[1251   35]
 [  88   73]]
              precision    recall  f1-score   support

           0       0.93      0.97      0.95      1286
           1       0.68      0.45      0.54       161

    accuracy                           0.91      1447
   macro avg       0.81      0.71      0.75      1447
weighted avg       0.91      0.91      0.91      1447

2025-12-21 18:00:09,325 - [INFO] - ------------------------------------------------------------
2025-12-21 18:00:09,807 - [INFO] - epoch: 11, loss_rrl: 113.09493437595665
2025-12-21 18:00:11,166 - [DEBUG] - y_true: (1447,) [0 0 0 0 0 1 0 0 0 0 0 0 0 0 0 0 0 1 0 0 0 0 0 0 1 0 0 0 0 0 0 0 0 0 0 0 0
 0 1 1 0]
2025-12-21 18:00:11,322 - [DEBUG] - y_rrl_: (1447,) [0 0 0 0 0 1 0 0 0 0 0 0 0 0 0 0 0 0 0 0 0 0 0 0 1 0 0 0 0 0 0 0 0 0 0 0 0
 0 0 0 0]
2025-12-21 18:00:11,322 - [DEBUG] - y_rrl: (1447, 2) [[ 2.5700722  -2.0828218 ]
 [ 0.75553936 -0.33352914]
 [ 1.9733113  -1.4773848 ]
 [ 1.9733113  -1.4773848 ]
 [ 2.5700722  -2.0828218 ]
 [-0.04292489  0.5600981 ]
 [ 2.5700722  -2.0828218 ]
 [ 1.9733113  -1.4773848 ]
 [ 2.5700722  -2.0828218 ]
 [ 1.21706    -0.7104177 ]
 [ 0.99740183 -0.5600731 ]
 [ 1.7536527  -1.3270401 ]
 [ 1.9087244  -1.4494387 ]
 [ 2.0948567  -1.6624162 ]
 [ 2.2226353  -1.7974467 ]
 [ 2.5700722  -2.0828218 ]
 [ 2.1010897  -1.6124153 ]
 [ 0.86962306 -0.42504245]
 [ 1.4168872  -0.96691257]
 [ 1.6258743  -1.1920096 ]
 [ 1.8858699  -1.4373193 ]
 [ 2.2226353  -1.7974467 ]
 [ 1.6662114  -1.2869745 ]
 [ 2.4422936  -1.9477915 ]
 [-1.270935    1.784226  ]
 [ 0.68349093 -0.21206498]
 [ 1.4397418  -0.97903186]
 [ 2.0948567  -1.6624162 ]
 [ 1.4397418  -0.97903186]
 [ 2.1010897  -1.6124153 ]
 [ 2.4422936  -1.9477915 ]
 [ 1.4168872  -0.96691257]
 [ 0.68349093 -0.21206498]
 [ 0.55571216 -0.07703432]
 [ 2.5700722  -2.0828218 ]
 [ 1.9733113  -1.4773848 ]
 [ 1.9087244  -1.4494387 ]
 [ 2.0948567  -1.6624162 ]
 [ 0.61842304 -0.07328528]
 [ 1.2456701  -0.728959  ]
 [ 1.9733113  -1.4773848 ]]
2025-12-21 18:00:11,324 - [INFO] - ------------------------------------------------------------
2025-12-21 18:00:11,325 - [INFO] - On Validation Set:
	Accuracy of RRL  Model: 0.9046302695231514
	F1 Score of RRL  Model: 0.6865015071590053
2025-12-21 18:00:11,331 - [INFO] - On Validation Set:
Performance of  RRL Model: 
[[1258   28]
 [ 110   51]]
              precision    recall  f1-score   support

           0       0.92      0.98      0.95      1286
           1       0.65      0.32      0.42       161

    accuracy                           0.90      1447
   macro avg       0.78      0.65      0.69      1447
weighted avg       0.89      0.90      0.89      1447

2025-12-21 18:00:11,331 - [INFO] - ------------------------------------------------------------
2025-12-21 18:00:11,620 - [INFO] - epoch: 12, loss_rrl: 113.16235347278416
2025-12-21 18:00:12,975 - [DEBUG] - y_true: (1447,) [0 0 0 0 0 1 0 0 0 0 0 0 0 0 0 0 0 1 0 0 0 0 0 0 1 0 0 0 0 0 0 0 0 0 0 0 0
 0 1 1 0]
2025-12-21 18:00:13,132 - [DEBUG] - y_rrl_: (1447,) [0 0 0 0 0 1 0 0 0 0 0 0 0 0 0 0 0 0 0 0 0 0 0 0 1 0 0 0 0 0 0 0 0 0 0 0 0
 0 0 0 0]
2025-12-21 18:00:13,133 - [DEBUG] - y_rrl: (1447, 2) [[ 2.1805618  -1.6607665 ]
 [ 0.6289996  -0.20800845]
 [ 1.8499745  -1.3553909 ]
 [ 1.8499745  -1.3553909 ]
 [ 2.1805618  -1.6607665 ]
 [ 0.19653231  0.3808223 ]
 [ 2.4829478  -1.9969939 ]
 [ 1.8499745  -1.3553909 ]
 [ 2.4829478  -1.9969939 ]
 [ 1.368116   -0.83796275]
 [ 1.1292473  -0.6680099 ]
 [ 1.6111058  -1.185438  ]
 [ 1.8216811  -1.3635899 ]
 [ 2.0040553  -1.5725936 ]
 [ 2.124067   -1.6998173 ]
 [ 2.4829478  -1.9969939 ]
 [ 1.9699866  -1.4826146 ]
 [ 1.0092353  -0.5407861 ]
 [ 1.2902665  -0.84141237]
 [ 1.4910938  -1.0582143 ]
 [ 1.803228   -1.3557914 ]
 [ 2.124067   -1.6998173 ]
 [ 1.5643592  -1.1858386 ]
 [ 2.0040553  -1.5725936 ]
 [-0.5318086   1.1509079 ]
 [ 0.82686114 -0.33178264]
 [ 1.3087195  -0.8492108 ]
 [ 2.0040553  -1.5725936 ]
 [ 1.3087195  -0.8492108 ]
 [ 1.9699866  -1.4826146 ]
 [ 2.362936   -1.8697702 ]
 [ 1.8499745  -1.3553909 ]
 [ 0.82686114 -0.33178264]
 [ 0.7068492  -0.2045588 ]
 [ 2.1805618  -1.6607665 ]
 [ 1.8499745  -1.3553909 ]
 [ 1.8216811  -1.3635899 ]
 [ 2.0040553  -1.5725936 ]
 [ 0.49891844  0.04459499]
 [ 1.069032   -0.5539329 ]
 [ 1.8499745  -1.3553909 ]]
2025-12-21 18:00:13,135 - [INFO] - ------------------------------------------------------------
2025-12-21 18:00:13,135 - [INFO] - On Validation Set:
	Accuracy of RRL  Model: 0.907394609536973
	F1 Score of RRL  Model: 0.6757992241840556
2025-12-21 18:00:13,141 - [INFO] - On Validation Set:
Performance of  RRL Model: 
[[1268   18]
 [ 116   45]]
              precision    recall  f1-score   support

           0       0.92      0.99      0.95      1286
           1       0.71      0.28      0.40       161

    accuracy                           0.91      1447
   macro avg       0.82      0.63      0.68      1447
weighted avg       0.89      0.91      0.89      1447

2025-12-21 18:00:13,141 - [INFO] - ------------------------------------------------------------
2025-12-21 18:00:13,204 - [INFO] - epoch: 13, loss_rrl: 111.66460608318448
2025-12-21 18:00:14,603 - [INFO] - epoch: 14, loss_rrl: 112.36737816780806
2025-12-21 18:00:14,785 - [DEBUG] - y_true: (1447,) [0 0 0 0 0 1 0 0 0 0 0 0 0 0 0 0 0 1 0 0 0 0 0 0 1 0 0 0 0 0 0 0 0 0 0 0 0
 0 1 1 0]
2025-12-21 18:00:14,940 - [DEBUG] - y_rrl_: (1447,) [0 0 0 0 0 1 0 0 0 0 0 0 0 0 0 0 0 0 0 0 0 0 0 0 1 0 0 0 0 0 0 0 0 0 0 0 0
 0 0 0 0]
2025-12-21 18:00:14,941 - [DEBUG] - y_rrl: (1447, 2) [[ 1.7829401  -1.2710056 ]
 [ 0.5019163  -0.08196005]
 [ 1.5356131  -1.055853  ]
 [ 1.6930151  -1.1998111 ]
 [ 1.4445071  -0.88383555]
 [ 0.0615663   0.51385003]
 [ 2.361099   -1.8764782 ]
 [ 1.6930151  -1.1998111 ]
 [ 2.361099   -1.8764782 ]
 [ 1.1971803  -0.6686829 ]
 [ 0.6712611  -0.18826187]
 [ 1.2858922  -0.845357  ]
 [ 1.6959195  -1.2390481 ]
 [ 1.383249   -0.91750026]
 [ 1.9978802  -1.5745956 ]
 [ 1.5589815  -1.1261319 ]
 [ 1.1971803  -0.6686829 ]
 [ 0.6712611  -0.18826187]
 [ 0.7077331  -0.23988461]
 [ 1.3297963  -0.8979284 ]
 [ 1.7163835  -1.2700899 ]
 [ 1.7216821  -1.3046705 ]
 [ 1.1957628  -0.82424927]
 [ 1.7464678  -1.2193829 ]
 [-0.75020313  1.3670037 ]
 [ 0.65079707 -0.15721998]
 [ 1.4485927  -1.0238955 ]
 [ 1.8790839  -1.4486283 ]
 [ 1.4485927  -1.0238955 ]
 [ 1.8118114  -1.3257781 ]
 [ 2.2423027  -1.7505109 ]
 [ 1.1670958  -0.71939   ]
 [ 0.30804226  0.11362076]
 [ 0.30804226  0.11362076]
 [ 2.0591383  -1.5409307 ]
 [ 1.6930151  -1.1998111 ]
 [ 1.7216821  -1.3046705 ]
 [ 1.7216821  -1.3046705 ]
 [ 0.363527    0.17830268]
 [ 0.40877926  0.11419138]
 [ 1.5356131  -1.055853  ]]
2025-12-21 18:00:14,943 - [INFO] - ------------------------------------------------------------
2025-12-21 18:00:14,943 - [INFO] - On Validation Set:
	Accuracy of RRL  Model: 0.907394609536973
	F1 Score of RRL  Model: 0.7148927785815953
2025-12-21 18:00:14,950 - [INFO] - On Validation Set:
Performance of  RRL Model: 
[[1251   35]
 [  99   62]]
              precision    recall  f1-score   support

           0       0.93      0.97      0.95      1286
           1       0.64      0.39      0.48       161

    accuracy                           0.91      1447
   macro avg       0.78      0.68      0.71      1447
weighted avg       0.89      0.91      0.90      1447

2025-12-21 18:00:14,950 - [INFO] - ------------------------------------------------------------
2025-12-21 18:00:16,194 - [INFO] - epoch: 15, loss_rrl: 112.07094649225473
2025-12-21 18:00:16,609 - [DEBUG] - y_true: (1447,) [0 0 0 0 0 1 0 0 0 0 0 0 0 0 0 0 0 1 0 0 0 0 0 0 1 0 0 0 0 0 0 0 0 0 0 0 0
 0 1 1 0]
2025-12-21 18:00:16,770 - [DEBUG] - y_rrl_: (1447,) [0 0 0 0 0 1 0 0 0 0 0 0 0 0 0 0 0 0 0 0 0 0 0 0 1 0 0 0 0 0 0 0 0 0 0 0 0
 0 0 0 0]
2025-12-21 18:00:16,771 - [DEBUG] - y_rrl: (1447, 2) [[ 2.64362    -2.1603527 ]
 [ 0.738737   -0.31980252]
 [ 1.943239   -1.4514365 ]
 [ 1.943239   -1.4514365 ]
 [ 2.64362    -2.1603527 ]
 [-0.24014309  0.75264245]
 [ 2.64362    -2.1603527 ]
 [ 1.943239   -1.4514365 ]
 [ 2.64362    -2.1603527 ]
 [ 1.1314734  -0.6293834 ]
 [ 0.8025808  -0.35287791]
 [ 2.0634956  -1.5788219 ]
 [ 1.8882675  -1.4326097 ]
 [ 2.1404295  -1.7110056 ]
 [ 2.2606862  -1.8383911 ]
 [ 2.1944706  -1.7564616 ]
 [ 2.0634956  -1.5788219 ]
 [ 1.1314734  -0.6293834 ]
 [ 1.1216708  -0.6417641 ]
 [ 1.5603051  -1.129475  ]
 [ 2.074214   -1.6290761 ]
 [ 2.2606862  -1.8383911 ]
 [ 1.8115369  -1.4345001 ]
 [ 2.5233634  -2.032967  ]
 [-1.0329381   1.5864626 ]
 [ 0.4963776  -0.02902595]
 [ 1.2314125  -0.85296935]
 [ 2.1404295  -1.7110056 ]
 [ 1.6805619  -1.2568604 ]
 [ 2.0634956  -1.5788219 ]
 [ 2.5233634  -2.032967  ]
 [ 1.1111557  -0.725584  ]
 [ 0.41964695 -0.03091637]
 [ 0.29939017  0.09646912]
 [ 2.64362    -2.1603527 ]
 [ 1.943239   -1.4514365 ]
 [ 2.2606862  -1.8383911 ]
 [ 2.1404295  -1.7110056 ]
 [ 0.51520944  0.02489947]
 [ 1.0316746  -0.5042749 ]
 [ 1.943239   -1.4514365 ]]
2025-12-21 18:00:16,773 - [INFO] - ------------------------------------------------------------
2025-12-21 18:00:16,773 - [INFO] - On Validation Set:
	Accuracy of RRL  Model: 0.9046302695231514
	F1 Score of RRL  Model: 0.7063821152556727
2025-12-21 18:00:16,779 - [INFO] - On Validation Set:
Performance of  RRL Model: 
[[1249   37]
 [ 101   60]]
              precision    recall  f1-score   support

           0       0.93      0.97      0.95      1286
           1       0.62      0.37      0.47       161

    accuracy                           0.90      1447
   macro avg       0.77      0.67      0.71      1447
weighted avg       0.89      0.90      0.89      1447

2025-12-21 18:00:16,779 - [INFO] - ------------------------------------------------------------
2025-12-21 18:00:17,800 - [INFO] - epoch: 16, loss_rrl: 113.52395773679018
2025-12-21 18:00:18,436 - [DEBUG] - y_true: (1447,) [0 0 0 0 0 1 0 0 0 0 0 0 0 0 0 0 0 1 0 0 0 0 0 0 1 0 0 0 0 0 0 0 0 0 0 0 0
 0 1 1 0]
2025-12-21 18:00:18,591 - [DEBUG] - y_rrl_: (1447,) [0 0 0 0 0 1 0 0 0 0 0 0 0 0 0 0 0 0 0 0 0 0 0 0 1 0 0 0 0 0 0 0 0 0 0 0 0
 0 0 0 0]
2025-12-21 18:00:18,592 - [DEBUG] - y_rrl: (1447, 2) [[ 1.9143225  -1.4562541 ]
 [ 0.40084907  0.0119554 ]
 [ 1.255379   -0.74041736]
 [ 1.6421489  -1.1568745 ]
 [ 1.8542032  -1.3406419 ]
 [ 0.2344124   0.24332964]
 [ 2.7877972  -2.305885  ]
 [ 1.6421489  -1.1568745 ]
 [ 2.7877972  -2.305885  ]
 [ 1.4357287  -0.9106114 ]
 [ 1.2982717  -0.7301973 ]
 [ 1.7612281  -1.3229253 ]
 [ 1.5369899  -1.0876602 ]
 [ 1.9143225  -1.4562541 ]
 [ 2.4106638  -1.9893669 ]
 [ 1.8637106  -1.3900371 ]
 [ 1.6926316  -1.1725477 ]
 [ 1.0079834  -0.52787614]
 [ 0.39121255  0.11189446]
 [ 1.2650155  -0.84035635]
 [ 2.2504804  -1.8064942 ]
 [ 1.9143225  -1.4562541 ]
 [ 1.0493245  -0.6413885 ]
 [ 2.291456   -1.7727723 ]
 [-0.61569166  1.1341094 ]
 [ 0.29449296  0.19095802]
 [ 1.3840947  -1.0064071 ]
 [ 1.8638397  -1.440581  ]
 [ 1.3745869  -0.9570122 ]
 [ 2.1889734  -1.7056606 ]
 [ 2.6782255  -2.1892297 ]
 [ 1.6421489  -1.1568745 ]
 [ 0.9211383  -0.41367912]
 [ 0.493393   -0.0309439 ]
 [ 2.4106638  -1.9893669 ]
 [ 1.6421489  -1.1568745 ]
 [ 1.4770699  -1.0241237 ]
 [ 1.4770699  -1.0241237 ]
 [ 0.6115458  -0.07318854]
 [ 0.6192465  -0.05690679]
 [ 1.255379   -0.74041736]]
2025-12-21 18:00:18,594 - [INFO] - ------------------------------------------------------------
2025-12-21 18:00:18,594 - [INFO] - On Validation Set:
	Accuracy of RRL  Model: 0.9067035245335177
	F1 Score of RRL  Model: 0.7196078572094993
2025-12-21 18:00:18,600 - [INFO] - On Validation Set:
Performance of  RRL Model: 
[[1247   39]
 [  96   65]]
              precision    recall  f1-score   support

           0       0.93      0.97      0.95      1286
           1       0.62      0.40      0.49       161

    accuracy                           0.91      1447
   macro avg       0.78      0.69      0.72      1447
weighted avg       0.89      0.91      0.90      1447

2025-12-21 18:00:18,600 - [INFO] - ------------------------------------------------------------
2025-12-21 18:00:19,376 - [INFO] - epoch: 17, loss_rrl: 110.03766990825534
2025-12-21 18:00:20,238 - [DEBUG] - y_true: (1447,) [0 0 0 0 0 1 0 0 0 0 0 0 0 0 0 0 0 1 0 0 0 0 0 0 1 0 0 0 0 0 0 0 0 0 0 0 0
 0 1 1 0]
2025-12-21 18:00:20,393 - [DEBUG] - y_rrl_: (1447,) [0 0 0 0 0 0 0 0 0 0 0 0 0 0 0 0 0 0 0 0 0 0 0 0 1 0 0 0 0 0 0 0 0 0 0 0 0
 0 0 0 0]
2025-12-21 18:00:20,394 - [DEBUG] - y_rrl: (1447, 2) [[ 2.374989   -1.9547125 ]
 [ 0.80194163 -0.38503218]
 [ 2.015692   -1.5267327 ]
 [ 2.015692   -1.5267327 ]
 [ 2.760687   -2.2801597 ]
 [ 0.5330235   0.0035336 ]
 [ 2.760687   -2.2801597 ]
 [ 2.015692   -1.5267327 ]
 [ 2.760687   -2.2801597 ]
 [ 1.2296133  -0.66349363]
 [ 0.97708297 -0.46275386]
 [ 1.7631617  -1.3259928 ]
 [ 1.9235076  -1.4702775 ]
 [ 2.2509484  -1.8236344 ]
 [ 2.374989   -1.9547125 ]
 [ 2.760687   -2.2801597 ]
 [ 2.1397326  -1.6578108 ]
 [ 0.85304236 -0.33167565]
 [ 2.015692   -1.5267327 ]
 [ 1.6299939  -1.2012854 ]
 [ 2.6366465  -2.1490817 ]
 [ 2.374989   -1.9547125 ]
 [ 1.9984181  -1.6228946 ]
 [ 2.6366465  -2.1490817 ]
 [-0.27873096  0.85558987]
 [ 0.5164744   0.01531067]
 [ 1.7540345  -1.3323635 ]
 [ 2.2509484  -1.8236344 ]
 [ 1.7540345  -1.3323635 ]
 [ 2.1397326  -1.6578108 ]
 [ 2.6366465  -2.1490817 ]
 [ 2.015692   -1.5267327 ]
 [ 0.5913849  -0.13730651]
 [ 0.46734428 -0.00622833]
 [ 2.374989   -1.9547125 ]
 [ 2.015692   -1.5267327 ]
 [ 2.374989   -1.9547125 ]
 [ 2.2509484  -1.8236344 ]
 [ 0.5330235   0.0035336 ]
 [ 1.1580074  -0.6343218 ]
 [ 2.015692   -1.5267327 ]]
2025-12-21 18:00:20,396 - [INFO] - ------------------------------------------------------------
2025-12-21 18:00:20,396 - [INFO] - On Validation Set:
	Accuracy of RRL  Model: 0.9011748445058743
	F1 Score of RRL  Model: 0.6141729053430418
2025-12-21 18:00:20,402 - [INFO] - On Validation Set:
Performance of  RRL Model: 
[[1276   10]
 [ 133   28]]
              precision    recall  f1-score   support

           0       0.91      0.99      0.95      1286
           1       0.74      0.17      0.28       161

    accuracy                           0.90      1447
   macro avg       0.82      0.58      0.61      1447
weighted avg       0.89      0.90      0.87      1447

2025-12-21 18:00:20,402 - [INFO] - ------------------------------------------------------------
2025-12-21 18:00:20,956 - [INFO] - epoch: 18, loss_rrl: 112.72260252572596
2025-12-21 18:00:22,063 - [DEBUG] - y_true: (1447,) [0 0 0 0 0 1 0 0 0 0 0 0 0 0 0 0 0 1 0 0 0 0 0 0 1 0 0 0 0 0 0 0 0 0 0 0 0
 0 1 1 0]
2025-12-21 18:00:22,218 - [DEBUG] - y_rrl_: (1447,) [0 0 0 0 0 0 0 0 0 0 0 0 0 0 0 0 0 0 0 0 0 0 0 0 1 0 0 0 0 0 0 0 0 0 0 0 0
 0 1 0 0]
2025-12-21 18:00:22,219 - [DEBUG] - y_rrl: (1447, 2) [[ 2.6296883  -2.1505694 ]
 [ 1.0348216  -0.5590563 ]
 [ 1.864296   -1.3767989 ]
 [ 1.864296   -1.3767989 ]
 [ 2.6296883  -2.1505694 ]
 [ 0.428833    0.10589434]
 [ 2.6296883  -2.1505694 ]
 [ 1.864296   -1.3767989 ]
 [ 2.6296883  -2.1505694 ]
 [ 1.1179821  -0.5538444 ]
 [ 0.8900941  -0.37743497]
 [ 1.6364079  -1.2003895 ]
 [ 2.6296883  -2.1505694 ]
 [ 2.505248   -2.0191395 ]
 [ 2.6296883  -2.1505694 ]
 [ 2.2773602  -1.84273   ]
 [ 1.9887359  -1.508229  ]
 [ 0.76565415 -0.2460049 ]
 [ 1.5119679  -1.0689594 ]
 [ 1.864296   -1.3767989 ]
 [ 2.15292    -1.7113    ]
 [ 2.6296883  -2.1505694 ]
 [ 1.8746222  -1.4998757 ]
 [ 2.505248   -2.0191395 ]
 [-0.76128733  1.2914608 ]
 [ 1.2424221  -0.6852744 ]
 [ 1.23367    -0.8575351 ]
 [ 2.505248   -2.0191395 ]
 [ 1.9887359  -1.508229  ]
 [ 1.9887359  -1.508229  ]
 [ 2.505248   -2.0191395 ]
 [ 1.5119679  -1.0689594 ]
 [ 0.4873562  -0.03458058]
 [ 0.36291617  0.09684949]
 [ 2.6296883  -2.1505694 ]
 [ 1.864296   -1.3767989 ]
 [ 2.6296883  -2.1505694 ]
 [ 2.505248   -2.0191395 ]
 [ 0.07650487  0.4137338 ]
 [ 1.0390656  -0.5172754 ]
 [ 1.864296   -1.3767989 ]]
2025-12-21 18:00:22,221 - [INFO] - ------------------------------------------------------------
2025-12-21 18:00:22,221 - [INFO] - On Validation Set:
	Accuracy of RRL  Model: 0.8908085694540429
	F1 Score of RRL  Model: 0.6383232509871419
2025-12-21 18:00:22,227 - [INFO] - On Validation Set:
Performance of  RRL Model: 
[[1249   37]
 [ 121   40]]
              precision    recall  f1-score   support

           0       0.91      0.97      0.94      1286
           1       0.52      0.25      0.34       161

    accuracy                           0.89      1447
   macro avg       0.72      0.61      0.64      1447
weighted avg       0.87      0.89      0.87      1447

2025-12-21 18:00:22,227 - [INFO] - ------------------------------------------------------------
2025-12-21 18:00:22,551 - [INFO] - epoch: 19, loss_rrl: 110.61570332758129
2025-12-21 18:00:23,888 - [DEBUG] - y_true: (1447,) [0 0 0 0 0 1 0 0 0 0 0 0 0 0 0 0 0 1 0 0 0 0 0 0 1 0 0 0 0 0 0 0 0 0 0 0 0
 0 1 1 0]
2025-12-21 18:00:24,044 - [DEBUG] - y_rrl_: (1447,) [0 0 0 0 0 1 0 0 0 0 0 0 0 0 0 0 0 0 0 0 0 0 0 0 1 0 0 0 0 0 0 0 0 0 0 0 0
 0 1 0 0]
2025-12-21 18:00:24,044 - [DEBUG] - y_rrl: (1447, 2) [[ 1.9682920e+00 -1.5078559e+00]
 [ 4.8330948e-01 -6.8485126e-02]
 [ 1.6059490e+00 -1.0776794e+00]
 [ 1.7529110e+00 -1.2669166e+00]
 [ 2.0135298e+00 -1.4467423e+00]
 [-7.2714366e-02  5.4604816e-01]
 [ 2.1152537e+00 -1.6970928e+00]
 [ 1.7529110e+00 -1.2669166e+00]
 [ 2.5303791e+00 -2.0527065e+00]
 [ 1.3962975e+00 -8.8103718e-01]
 [ 8.0989194e-01 -2.9895201e-01]
 [ 1.5363926e+00 -1.1015583e+00]
 [ 2.1152537e+00 -1.6970928e+00]
 [ 1.4712464e+00 -9.5702976e-01]
 [ 2.1152537e+00 -1.6970928e+00]
 [ 2.0397408e+00 -1.5640121e+00]
 [ 1.3632199e+00 -7.9505169e-01]
 [ 1.0526210e+00 -5.8157974e-01]
 [ 1.2622726e+00 -7.7822202e-01]
 [ 1.3377857e+00 -9.1130310e-01]
 [ 2.0595443e+00 -1.6191502e+00]
 [ 1.9682920e+00 -1.5078559e+00]
 [ 1.6246156e+00 -1.2083985e+00]
 [ 1.4712464e+00 -9.5702976e-01]
 [-1.8005664e+00  2.3017633e+00]
 [ 1.1083304e+00 -6.5952271e-01]
 [ 1.4649438e+00 -1.0454022e+00]
 [ 1.9880955e+00 -1.5629940e+00]
 [ 1.4649438e+00 -1.0454022e+00]
 [ 1.8800690e+00 -1.4010158e+00]
 [ 2.4032209e+00 -1.9186076e+00]
 [ 1.4092345e+00 -9.6745926e-01]
 [ 3.9476663e-01  5.6661550e-02]
 [ 6.3749576e-01 -2.2596616e-01]
 [ 2.1152537e+00 -1.6970928e+00]
 [ 1.7529110e+00 -1.2669166e+00]
 [ 1.9682920e+00 -1.5078559e+00]
 [ 1.8411338e+00 -1.3737565e+00]
 [-1.2655035e-03  4.8989198e-01]
 [ 7.9647768e-01 -2.3438737e-01]
 [ 1.6059490e+00 -1.0776794e+00]]
2025-12-21 18:00:24,046 - [INFO] - ------------------------------------------------------------
2025-12-21 18:00:24,047 - [INFO] - On Validation Set:
	Accuracy of RRL  Model: 0.9046302695231514
	F1 Score of RRL  Model: 0.7434001542020047
2025-12-21 18:00:24,053 - [INFO] - On Validation Set:
Performance of  RRL Model: 
[[1228   58]
 [  80   81]]
              precision    recall  f1-score   support

           0       0.94      0.95      0.95      1286
           1       0.58      0.50      0.54       161

    accuracy                           0.90      1447
   macro avg       0.76      0.73      0.74      1447
weighted avg       0.90      0.90      0.90      1447

2025-12-21 18:00:24,053 - [INFO] - ------------------------------------------------------------
2025-12-21 18:00:24,148 - [INFO] - epoch: 20, loss_rrl: 110.6540641579777
2025-12-21 18:00:25,632 - [INFO] - epoch: 21, loss_rrl: 110.75547152198851
2025-12-21 18:00:25,806 - [DEBUG] - y_true: (1447,) [0 0 0 0 0 1 0 0 0 0 0 0 0 0 0 0 0 1 0 0 0 0 0 0 1 0 0 0 0 0 0 0 0 0 0 0 0
 0 1 1 0]
2025-12-21 18:00:25,961 - [DEBUG] - y_rrl_: (1447,) [0 0 0 0 0 1 0 0 0 0 0 0 0 0 0 0 0 0 0 0 0 0 0 0 1 0 0 0 0 0 0 0 0 0 0 0 0
 0 1 0 0]
2025-12-21 18:00:25,962 - [DEBUG] - y_rrl: (1447, 2) [[ 2.090149   -1.6730686 ]
 [ 0.30777276  0.14220417]
 [ 1.5997272  -1.0790328 ]
 [ 1.5997272  -1.0790328 ]
 [ 2.0161748  -1.4572946 ]
 [-0.10891192  0.5807056 ]
 [ 2.5024867  -2.0262697 ]
 [ 1.5997272  -1.0790328 ]
 [ 2.5024867  -2.0262697 ]
 [ 1.3192313  -0.8056538 ]
 [ 1.0950519  -0.541915  ]
 [ 1.5132457  -1.0796005 ]
 [ 1.4209878  -0.9353301 ]
 [ 2.0303597  -1.500801  ]
 [ 2.5024867  -2.0262697 ]
 [ 2.1538723  -1.7216009 ]
 [ 1.5137068  -0.98966545]
 [ 0.970617   -0.5009852 ]
 [ 0.7201106  -0.2109968 ]
 [ 1.5997272  -1.0790328 ]
 [ 2.0298984  -1.590736  ]
 [ 2.5024867  -2.0262697 ]
 [ 1.6033756  -1.1940289 ]
 [ 2.0303597  -1.500801  ]
 [-1.3519357   1.8188527 ]
 [ 0.36170644  0.154421  ]
 [ 1.4495224  -1.0310681 ]
 [ 2.2403538  -1.7210337 ]
 [ 1.7237012  -1.2098979 ]
 [ 1.8618602  -1.3842691 ]
 [ 2.3785129  -1.8954047 ]
 [ 1.2511127  -0.7743643 ]
 [ 0.68271416 -0.188714  ]
 [ 0.55827916 -0.14778423]
 [ 2.090149   -1.6730686 ]
 [ 1.5997272  -1.0790328 ]
 [ 1.95199    -1.4986975 ]
 [ 2.2403538  -1.7210337 ]
 [-0.04518853  0.5321733 ]
 [ 0.9113101  -0.39351898]
 [ 1.5997272  -1.0790328 ]]
2025-12-21 18:00:25,964 - [INFO] - ------------------------------------------------------------
2025-12-21 18:00:25,964 - [INFO] - On Validation Set:
	Accuracy of RRL  Model: 0.8970283344851416
	F1 Score of RRL  Model: 0.6966896584711177
2025-12-21 18:00:25,970 - [INFO] - On Validation Set:
Performance of  RRL Model: 
[[1237   49]
 [ 100   61]]
              precision    recall  f1-score   support

           0       0.93      0.96      0.94      1286
           1       0.55      0.38      0.45       161

    accuracy                           0.90      1447
   macro avg       0.74      0.67      0.70      1447
weighted avg       0.88      0.90      0.89      1447

2025-12-21 18:00:25,970 - [INFO] - ------------------------------------------------------------
2025-12-21 18:00:27,462 - [INFO] - epoch: 22, loss_rrl: 111.25567873008549
2025-12-21 18:00:27,844 - [DEBUG] - y_true: (1447,) [0 0 0 0 0 1 0 0 0 0 0 0 0 0 0 0 0 1 0 0 0 0 0 0 1 0 0 0 0 0 0 0 0 0 0 0 0
 0 1 1 0]
2025-12-21 18:00:28,000 - [DEBUG] - y_rrl_: (1447,) [0 0 0 0 0 1 0 0 0 0 0 0 0 0 0 0 0 0 0 0 0 0 0 0 1 0 0 0 0 0 0 0 0 0 0 0 0
 0 1 0 0]
2025-12-21 18:00:28,000 - [DEBUG] - y_rrl: (1447, 2) [[ 2.2023268  -1.779466  ]
 [ 0.68657905 -0.27385136]
 [ 2.0430276  -1.5600343 ]
 [ 2.0430276  -1.5600343 ]
 [ 2.6384187  -2.1567934 ]
 [ 0.04092839  0.4293328 ]
 [ 2.32897    -1.912951  ]
 [ 2.0430276  -1.5600343 ]
 [ 2.7650619  -2.2902782 ]
 [ 1.1630085  -0.6050387 ]
 [ 0.79097164 -0.276673  ]
 [ 1.7976339  -1.3651533 ]
 [ 1.7806501  -1.3324611 ]
 [ 2.2023268  -1.779466  ]
 [ 2.32897    -1.912951  ]
 [ 2.2663817  -1.8284276 ]
 [ 2.0430276  -1.5600343 ]
 [ 0.79097164 -0.276673  ]
 [ 1.1226709  -0.65117866]
 [ 1.6069357  -1.182707  ]
 [ 2.2663817  -1.8284276 ]
 [ 2.2023268  -1.779466  ]
 [ 1.83029    -1.4511003 ]
 [ 2.2023268  -1.779466  ]
 [-1.1148381   1.5800486 ]
 [ 0.30524012  0.21929376]
 [ 1.361542   -0.98782617]
 [ 2.2023268  -1.779466  ]
 [ 1.7335789  -1.3161918 ]
 [ 2.1696708  -1.6935191 ]
 [ 2.6384187  -2.1567934 ]
 [ 1.6709907  -1.2316685 ]
 [ 0.3548798   0.10065426]
 [ 0.3548798   0.10065426]
 [ 2.32897    -1.912951  ]
 [ 2.0430276  -1.5600343 ]
 [ 2.2023268  -1.779466  ]
 [ 2.2023268  -1.779466  ]
 [ 0.10498333  0.38037124]
 [ 1.1107779  -0.58813584]
 [ 2.0430276  -1.5600343 ]]
2025-12-21 18:00:28,003 - [INFO] - ------------------------------------------------------------
2025-12-21 18:00:28,003 - [INFO] - On Validation Set:
	Accuracy of RRL  Model: 0.902557014512785
	F1 Score of RRL  Model: 0.735479554886563
2025-12-21 18:00:28,009 - [INFO] - On Validation Set:
Performance of  RRL Model: 
[[1228   58]
 [  83   78]]
              precision    recall  f1-score   support

           0       0.94      0.95      0.95      1286
           1       0.57      0.48      0.53       161

    accuracy                           0.90      1447
   macro avg       0.76      0.72      0.74      1447
weighted avg       0.90      0.90      0.90      1447

2025-12-21 18:00:28,009 - [INFO] - ------------------------------------------------------------
2025-12-21 18:00:29,360 - [INFO] - epoch: 23, loss_rrl: 110.5109151750803
2025-12-21 18:00:30,030 - [DEBUG] - y_true: (1447,) [0 0 0 0 0 1 0 0 0 0 0 0 0 0 0 0 0 1 0 0 0 0 0 0 1 0 0 0 0 0 0 0 0 0 0 0 0
 0 1 1 0]
2025-12-21 18:00:30,187 - [DEBUG] - y_rrl_: (1447,) [0 0 0 0 0 0 0 0 0 0 0 0 0 0 0 0 0 0 0 0 0 0 0 0 1 0 0 0 0 0 0 0 0 0 0 0 0
 0 0 0 0]
2025-12-21 18:00:30,188 - [DEBUG] - y_rrl: (1447, 2) [[ 2.6252482  -2.152276  ]
 [ 0.9253867  -0.50889087]
 [ 1.8083801  -1.2903498 ]
 [ 1.9466712  -1.470106  ]
 [ 2.3342626  -1.8662428 ]
 [ 0.5650626  -0.0865829 ]
 [ 2.9687016  -2.4953372 ]
 [ 1.9466712  -1.470106  ]
 [ 2.9687016  -2.4953372 ]
 [ 1.6958373  -1.1856083 ]
 [ 1.3082349  -0.7523156 ]
 [ 1.9755969  -1.5442652 ]
 [ 2.6011763  -2.181413  ]
 [ 2.258405   -1.7951722 ]
 [ 2.8921618  -2.4674463 ]
 [ 2.3111057  -1.8328792 ]
 [ 2.0993655  -1.5763828 ]
 [ 1.3051548  -0.8383208 ]
 [ 0.7870956  -0.3291346 ]
 [ 1.4267483  -1.0572202 ]
 [ 2.372857   -1.9847445 ]
 [ 2.258405   -1.7951722 ]
 [ 1.5001972  -1.1339605 ]
 [ 2.6252482  -2.152276  ]
 [-0.2767242   0.79343206]
 [ 1.4569347  -1.0070982 ]
 [ 1.9228961  -1.5065582 ]
 [ 2.4725542  -2.045999  ]
 [ 1.6319103  -1.2205253 ]
 [ 2.2897394  -1.8636619 ]
 [ 2.840079   -2.3599234 ]
 [ 1.8701315  -1.4422148 ]
 [ 0.8648519  -0.36732092]
 [ 0.8617718  -0.45332608]
 [ 2.8921618  -2.4674463 ]
 [ 1.9466712  -1.470106  ]
 [ 2.4108026  -1.8941339 ]
 [ 2.3342626  -1.8662428 ]
 [ 0.64160234 -0.11447406]
 [ 1.0817158  -0.51957184]
 [ 1.8083801  -1.2903498 ]]
2025-12-21 18:00:30,190 - [INFO] - ------------------------------------------------------------
2025-12-21 18:00:30,190 - [INFO] - On Validation Set:
	Accuracy of RRL  Model: 0.9011748445058743
	F1 Score of RRL  Model: 0.6141729053430418
2025-12-21 18:00:30,196 - [INFO] - On Validation Set:
Performance of  RRL Model: 
[[1276   10]
 [ 133   28]]
              precision    recall  f1-score   support

           0       0.91      0.99      0.95      1286
           1       0.74      0.17      0.28       161

    accuracy                           0.90      1447
   macro avg       0.82      0.58      0.61      1447
weighted avg       0.89      0.90      0.87      1447

2025-12-21 18:00:30,196 - [INFO] - ------------------------------------------------------------
2025-12-21 18:00:30,998 - [INFO] - epoch: 24, loss_rrl: 110.7523568123579
2025-12-21 18:00:31,819 - [DEBUG] - y_true: (1447,) [0 0 0 0 0 1 0 0 0 0 0 0 0 0 0 0 0 1 0 0 0 0 0 0 1 0 0 0 0 0 0 0 0 0 0 0 0
 0 1 1 0]
2025-12-21 18:00:31,977 - [DEBUG] - y_rrl_: (1447,) [0 0 0 0 0 1 0 0 0 0 0 0 0 0 0 0 0 0 0 0 0 0 0 0 1 1 0 0 0 0 0 0 0 0 0 0 0
 0 1 0 0]
2025-12-21 18:00:31,977 - [DEBUG] - y_rrl: (1447, 2) [[ 2.3617163  -1.9554498 ]
 [ 0.40851885 -0.01042398]
 [ 1.7484521  -1.2810109 ]
 [ 1.7484521  -1.2810109 ]
 [ 2.5004654  -2.0411193 ]
 [-0.5790324   1.0703441 ]
 [ 2.3617163  -1.9554498 ]
 [ 1.7484521  -1.2810109 ]
 [ 2.7999682  -2.3356962 ]
 [ 1.0441396  -0.497963  ]
 [ 1.2024481  -0.6630123 ]
 [ 1.8329738  -1.410464  ]
 [ 1.5338217  -1.1007055 ]
 [ 2.2034078  -1.7904001 ]
 [ 2.3617163  -1.9554498 ]
 [ 2.4266787  -2.005523  ]
 [ 2.2062635  -1.7406373 ]
 [ 0.67085004 -0.16778986]
 [ 1.3751625  -0.9508377 ]
 [ 1.3102     -0.9007644 ]
 [ 2.2683702  -1.8404734 ]
 [ 2.3617163  -1.9554498 ]
 [ 1.6889237  -1.3306997 ]
 [ 2.2034078  -1.7904001 ]
 [-1.8155578   2.3091986 ]
 [-0.06369844  0.5719784 ]
 [ 1.7680113  -1.3603908 ]
 [ 1.9039048  -1.4958235 ]
 [ 1.4685084  -1.0658137 ]
 [ 2.2062635  -1.7406373 ]
 [ 2.6416597  -2.1706467 ]
 [ 1.7484521  -1.2810109 ]
 [ 0.76419604 -0.28276587]
 [ 0.23259795  0.2124566 ]
 [ 2.3617163  -1.9554498 ]
 [ 1.7484521  -1.2810109 ]
 [ 2.0622134  -1.6608728 ]
 [ 1.9039048  -1.4958235 ]
 [ 0.01432163  0.46010345]
 [ 1.1704308  -0.658521  ]
 [ 1.7484521  -1.2810109 ]]
2025-12-21 18:00:31,979 - [INFO] - ------------------------------------------------------------
2025-12-21 18:00:31,980 - [INFO] - On Validation Set:
	Accuracy of RRL  Model: 0.9032480995162405
	F1 Score of RRL  Model: 0.7317389692250649
2025-12-21 18:00:31,986 - [INFO] - On Validation Set:
Performance of  RRL Model: 
[[1232   54]
 [  86   75]]
              precision    recall  f1-score   support

           0       0.93      0.96      0.95      1286
           1       0.58      0.47      0.52       161

    accuracy                           0.90      1447
   macro avg       0.76      0.71      0.73      1447
weighted avg       0.90      0.90      0.90      1447

2025-12-21 18:00:31,986 - [INFO] - ------------------------------------------------------------
2025-12-21 18:00:32,575 - [INFO] - epoch: 25, loss_rrl: 113.2726793140173
2025-12-21 18:00:33,659 - [DEBUG] - y_true: (1447,) [0 0 0 0 0 1 0 0 0 0 0 0 0 0 0 0 0 1 0 0 0 0 0 0 1 0 0 0 0 0 0 0 0 0 0 0 0
 0 1 1 0]
2025-12-21 18:00:33,817 - [DEBUG] - y_rrl_: (1447,) [0 0 0 0 0 1 0 0 0 0 0 0 0 0 0 0 0 0 0 0 0 0 0 0 1 0 0 0 0 0 0 0 0 1 0 0 0
 0 1 0 0]
2025-12-21 18:00:33,817 - [DEBUG] - y_rrl: (1447, 2) [[ 2.7364247e+00 -2.2808752e+00]
 [ 1.2763700e+00 -8.6492020e-01]
 [ 2.1121218e+00 -1.6003783e+00]
 [ 2.2730005e+00 -1.8021303e+00]
 [ 2.7364247e+00 -2.2808752e+00]
 [ 3.6408007e-04  4.0946603e-01]
 [ 3.0211751e+00 -2.5583410e+00]
 [ 2.2730005e+00 -1.8021303e+00]
 [ 3.0211751e+00 -2.5583410e+00]
 [ 1.2215493e+00 -6.7746311e-01]
 [ 8.7434131e-01 -3.0536655e-01]
 [ 1.5462685e+00 -1.0933495e+00]
 [ 2.8973036e+00 -2.4826274e+00]
 [ 2.7142694e+00 -2.2038736e+00]
 [ 2.8973036e+00 -2.4826274e+00]
 [ 2.4807725e+00 -2.0199046e+00]
 [ 2.2581487e+00 -1.7530937e+00]
 [ 3.4879053e-01  1.8403335e-01]
 [ 1.6087265e+00 -1.1879802e+00]
 [ 2.1491289e+00 -1.7264167e+00]
 [ 2.3717530e+00 -1.9932275e+00]
 [ 2.8602962e+00 -2.3565891e+00]
 [ 1.9101148e+00 -1.5550272e+00]
 [ 2.5903978e+00 -2.1281598e+00]
 [-8.5036838e-01  1.3200055e+00]
 [ 1.2437046e+00 -7.5446475e-01]
 [ 1.0994823e+00 -7.0418602e-01]
 [ 2.7512767e+00 -2.3299119e+00]
 [ 1.9257922e+00 -1.4300339e+00]
 [ 2.2951558e+00 -1.8791322e+00]
 [ 2.8751483e+00 -2.4056256e+00]
 [ 1.7696052e+00 -1.3897322e+00]
 [ 4.2755502e-01  8.3796874e-02]
 [-9.7995698e-02  5.7319677e-01]
 [ 2.8973036e+00 -2.4826274e+00]
 [ 2.2730005e+00 -1.8021303e+00]
 [ 2.8602962e+00 -2.3565891e+00]
 [ 2.5903978e+00 -2.1281598e+00]
 [ 1.9149809e-01  2.8127331e-01]
 [ 6.6085529e-01 -7.8457788e-02]
 [ 2.1121218e+00 -1.6003783e+00]]
2025-12-21 18:00:33,819 - [INFO] - ------------------------------------------------------------
2025-12-21 18:00:33,820 - [INFO] - On Validation Set:
	Accuracy of RRL  Model: 0.9004837595024188
	F1 Score of RRL  Model: 0.6516051364365971
2025-12-21 18:00:33,825 - [INFO] - On Validation Set:
Performance of  RRL Model: 
[[1263   23]
 [ 121   40]]
              precision    recall  f1-score   support

           0       0.91      0.98      0.95      1286
           1       0.63      0.25      0.36       161

    accuracy                           0.90      1447
   macro avg       0.77      0.62      0.65      1447
weighted avg       0.88      0.90      0.88      1447

2025-12-21 18:00:33,826 - [INFO] - ------------------------------------------------------------
2025-12-21 18:00:34,190 - [INFO] - epoch: 26, loss_rrl: 112.80609216354787
2025-12-21 18:00:35,507 - [DEBUG] - y_true: (1447,) [0 0 0 0 0 1 0 0 0 0 0 0 0 0 0 0 0 1 0 0 0 0 0 0 1 0 0 0 0 0 0 0 0 0 0 0 0
 0 1 1 0]
2025-12-21 18:00:35,665 - [DEBUG] - y_rrl_: (1447,) [0 0 0 0 0 1 0 0 0 0 0 0 0 0 0 0 0 0 0 0 0 0 0 0 1 0 0 0 0 0 0 0 0 0 0 0 0
 0 0 0 0]
2025-12-21 18:00:35,666 - [DEBUG] - y_rrl: (1447, 2) [[ 2.4106367e+00 -2.0597959e+00]
 [ 6.0646564e-01 -2.2363602e-01]
 [ 2.2267590e+00 -1.7222304e+00]
 [ 2.2267590e+00 -1.7222304e+00]
 [ 2.7377949e+00 -2.2945142e+00]
 [ 2.4250895e-04  4.0287757e-01]
 [ 2.6672914e+00 -2.2631783e+00]
 [ 2.2267590e+00 -1.7222304e+00]
 [ 3.1277499e+00 -2.6664004e+00]
 [ 1.7435485e+00 -1.2461556e+00]
 [ 1.4927918e+00 -9.5748705e-01]
 [ 2.0896997e+00 -1.6695743e+00]
 [ 2.2773364e+00 -1.8912920e+00]
 [ 2.5182247e+00 -2.1074767e+00]
 [ 2.4106367e+00 -2.0597959e+00]
 [ 3.1277499e+00 -2.6664004e+00]
 [ 2.5091264e+00 -2.0464363e+00]
 [ 1.3241218e+00 -8.6929369e-01]
 [ 1.9701041e+00 -1.5188479e+00]
 [ 1.5096456e+00 -1.1156259e+00]
 [ 2.7220287e+00 -2.3073163e+00]
 [ 2.6672914e+00 -2.2631783e+00]
 [ 1.8579096e+00 -1.5144299e+00]
 [ 2.2615702e+00 -1.9040942e+00]
 [-2.5838578e-01  6.6904789e-01]
 [ 1.0422014e+00 -6.2674898e-01]
 [ 2.0486679e+00 -1.6432142e+00]
 [ 2.1282694e+00 -1.7355903e+00]
 [ 1.9153672e+00 -1.4747102e+00]
 [ 2.2524714e+00 -1.8430538e+00]
 [ 2.9786832e+00 -2.5106988e+00]
 [ 1.5506774e+00 -1.1419859e+00]
 [ 1.0323333e+00 -5.5426496e-01]
 [ 8.6366332e-01 -4.6607158e-01]
 [ 2.4106367e+00 -2.0597959e+00]
 [ 2.2267590e+00 -1.7222304e+00]
 [ 2.5339909e+00 -2.0946743e+00]
 [ 2.1282694e+00 -1.7355903e+00]
 [ 7.1735573e-01 -2.0372690e-01]
 [ 8.8275409e-01 -3.8731581e-01]
 [ 2.2267590e+00 -1.7222304e+00]]
2025-12-21 18:00:35,668 - [INFO] - ------------------------------------------------------------
2025-12-21 18:00:35,668 - [INFO] - On Validation Set:
	Accuracy of RRL  Model: 0.9067035245335177
	F1 Score of RRL  Model: 0.6873804741824234
2025-12-21 18:00:35,674 - [INFO] - On Validation Set:
Performance of  RRL Model: 
[[1262   24]
 [ 111   50]]
              precision    recall  f1-score   support

           0       0.92      0.98      0.95      1286
           1       0.68      0.31      0.43       161

    accuracy                           0.91      1447
   macro avg       0.80      0.65      0.69      1447
weighted avg       0.89      0.91      0.89      1447

2025-12-21 18:00:35,674 - [INFO] - ------------------------------------------------------------
2025-12-21 18:00:35,805 - [INFO] - epoch: 27, loss_rrl: 112.30802759714425
2025-12-21 18:00:37,320 - [INFO] - epoch: 28, loss_rrl: 111.18497447669506
2025-12-21 18:00:37,448 - [DEBUG] - y_true: (1447,) [0 0 0 0 0 1 0 0 0 0 0 0 0 0 0 0 0 1 0 0 0 0 0 0 1 0 0 0 0 0 0 0 0 0 0 0 0
 0 1 1 0]
2025-12-21 18:00:37,610 - [DEBUG] - y_rrl_: (1447,) [0 0 0 0 0 1 0 0 0 0 0 0 0 0 0 0 0 0 0 0 0 0 0 0 1 0 0 0 0 0 0 0 0 0 0 0 0
 0 0 0 0]
2025-12-21 18:00:37,610 - [DEBUG] - y_rrl: (1447, 2) [[ 2.4900012  -2.1759126 ]
 [ 0.6371787  -0.2913076 ]
 [ 2.471484   -1.9687372 ]
 [ 2.471484   -1.9687372 ]
 [ 2.8193579  -2.413424  ]
 [ 0.01319428  0.35266197]
 [ 2.8990507  -2.496063  ]
 [ 2.471484   -1.9687372 ]
 [ 3.388709   -2.9288697 ]
 [ 1.727694   -1.2796286 ]
 [ 1.4769802  -0.9913341 ]
 [ 2.3638473  -1.9449674 ]
 [ 2.3296995  -1.9806174 ]
 [ 3.2237582  -2.757339  ]
 [ 2.9796596  -2.6087193 ]
 [ 2.9558196  -2.5382738 ]
 [ 2.7967367  -2.3355632 ]
 [ 1.2948048  -0.88903284]
 [ 1.1268371  -0.7241143 ]
 [ 2.0624344  -1.6485866 ]
 [ 2.3818195  -2.0465922 ]
 [ 3.388709   -2.9288697 ]
 [ 1.89681    -1.5900215 ]
 [ 2.8147087  -2.4371881 ]
 [-1.7958233   2.1947627 ]
 [ 1.1334319  -0.7551719 ]
 [ 2.3070784  -1.9027566 ]
 [ 2.654407   -2.2418928 ]
 [ 2.6364346  -2.1402683 ]
 [ 2.387687   -2.0154128 ]
 [ 3.2237582  -2.757339  ]
 [ 1.629545   -1.2579907 ]
 [ 0.98732185 -0.55852735]
 [ 0.8051464  -0.4562261 ]
 [ 2.4900012  -2.1759126 ]
 [ 2.471484   -1.9687372 ]
 [ 2.738749   -2.300768  ]
 [ 2.654407   -2.2418928 ]
 [ 0.61210537 -0.14803036]
 [ 1.203261   -0.7097565 ]
 [ 2.471484   -1.9687372 ]]
2025-12-21 18:00:37,613 - [INFO] - ------------------------------------------------------------
2025-12-21 18:00:37,613 - [INFO] - On Validation Set:
	Accuracy of RRL  Model: 0.907394609536973
	F1 Score of RRL  Model: 0.710841684562157
2025-12-21 18:00:37,619 - [INFO] - On Validation Set:
Performance of  RRL Model: 
[[1253   33]
 [ 101   60]]
              precision    recall  f1-score   support

           0       0.93      0.97      0.95      1286
           1       0.65      0.37      0.47       161

    accuracy                           0.91      1447
   macro avg       0.79      0.67      0.71      1447
weighted avg       0.89      0.91      0.90      1447

2025-12-21 18:00:37,619 - [INFO] - ------------------------------------------------------------
2025-12-21 18:00:39,111 - [INFO] - epoch: 29, loss_rrl: 110.99106030538678
2025-12-21 18:00:39,492 - [DEBUG] - y_true: (1447,) [0 0 0 0 0 1 0 0 0 0 0 0 0 0 0 0 0 1 0 0 0 0 0 0 1 0 0 0 0 0 0 0 0 0 0 0 0
 0 1 1 0]
2025-12-21 18:00:39,651 - [DEBUG] - y_rrl_: (1447,) [0 0 0 0 0 0 0 0 0 0 0 0 0 0 0 0 0 0 0 0 0 0 0 0 1 0 0 0 0 0 0 0 0 0 0 0 0
 0 0 0 0]
2025-12-21 18:00:39,651 - [DEBUG] - y_rrl: (1447, 2) [[ 3.0242481  -2.613141  ]
 [ 1.3081945  -0.9002952 ]
 [ 2.2948258  -1.8758668 ]
 [ 2.2948258  -1.8758668 ]
 [ 3.0242481  -2.613141  ]
 [ 0.67352754 -0.26896787]
 [ 3.0242481  -2.613141  ]
 [ 3.228485   -2.7637303 ]
 [ 3.3860538  -2.9278243 ]
 [ 1.7506505  -1.3040737 ]
 [ 1.504638   -1.0208203 ]
 [ 2.3598232  -1.9422841 ]
 [ 2.4919941  -2.0499294 ]
 [ 2.8666794  -2.449047  ]
 [ 3.0242481  -2.613141  ]
 [ 2.5698712  -2.2007809 ]
 [ 3.3860538  -2.9278243 ]
 [ 1.2962736  -0.8917137 ]
 [ 1.8800484  -1.4734752 ]
 [ 2.2948258  -1.8758668 ]
 [ 2.4123025  -2.036687  ]
 [ 3.0242481  -2.613141  ]
 [ 2.061644   -1.7490127 ]
 [ 2.8666794  -2.449047  ]
 [-0.27949047  0.78564554]
 [ 1.947819   -1.4781363 ]
 [ 1.4897901  -1.1758325 ]
 [ 2.8666794  -2.449047  ]
 [ 3.0242481  -2.613141  ]
 [ 2.4523942  -2.0399606 ]
 [ 3.228485   -2.7637303 ]
 [ 2.8666794  -2.449047  ]
 [ 0.9964109  -0.56905216]
 [ 1.3599002  -1.0131257 ]
 [ 3.0242481  -2.613141  ]
 [ 3.228485   -2.7637303 ]
 [ 3.0242481  -2.613141  ]
 [ 2.8666794  -2.449047  ]
 [ 0.60990095 -0.14755595]
 [ 1.6387041  -1.1349151 ]
 [ 3.228485   -2.7637303 ]]
2025-12-21 18:00:39,654 - [INFO] - ------------------------------------------------------------
2025-12-21 18:00:39,654 - [INFO] - On Validation Set:
	Accuracy of RRL  Model: 0.8984105044920525
	F1 Score of RRL  Model: 0.5879912371942752
2025-12-21 18:00:39,660 - [INFO] - On Validation Set:
Performance of  RRL Model: 
[[1278    8]
 [ 139   22]]
              precision    recall  f1-score   support

           0       0.90      0.99      0.95      1286
           1       0.73      0.14      0.23       161

    accuracy                           0.90      1447
   macro avg       0.82      0.57      0.59      1447
weighted avg       0.88      0.90      0.87      1447

2025-12-21 18:00:39,660 - [INFO] - ------------------------------------------------------------
2025-12-21 18:00:40,891 - [INFO] - epoch: 30, loss_rrl: 111.1831768695265
2025-12-21 18:00:41,529 - [DEBUG] - y_true: (1447,) [0 0 0 0 0 1 0 0 0 0 0 0 0 0 0 0 0 1 0 0 0 0 0 0 1 0 0 0 0 0 0 0 0 0 0 0 0
 0 1 1 0]
2025-12-21 18:00:41,687 - [DEBUG] - y_rrl_: (1447,) [0 0 0 0 0 1 0 0 0 0 0 0 0 0 0 0 0 0 0 0 0 0 0 0 1 0 0 0 0 0 0 0 0 0 0 0 0
 0 0 0 0]
2025-12-21 18:00:41,688 - [DEBUG] - y_rrl: (1447, 2) [[ 2.8474588  -2.4311335 ]
 [ 1.1494781  -0.7082883 ]
 [ 2.5573304  -2.058502  ]
 [ 2.5573304  -2.058502  ]
 [ 2.6671681  -2.2162983 ]
 [ 0.08679558  0.31771073]
 [ 3.4402628  -2.9837646 ]
 [ 2.5573304  -2.058502  ]
 [ 3.4402628  -2.9837646 ]
 [ 1.4353646  -1.0133616 ]
 [ 1.0073544  -0.54198545]
 [ 2.4128327  -1.9967531 ]
 [ 2.8348596  -2.390457  ]
 [ 2.7603211  -2.3534112 ]
 [ 3.0151498  -2.605292  ]
 [ 3.2725716  -2.8096063 ]
 [ 2.7376208  -2.2733371 ]
 [ 0.9428852  -0.5626193 ]
 [ 1.6419574  -1.1590306 ]
 [ 1.6199671  -1.2238339 ]
 [ 2.8474588  -2.4311335 ]
 [ 2.7603211  -2.3534112 ]
 [ 1.6624386  -1.3093611 ]
 [ 2.8474588  -2.4311335 ]
 [-0.35678595  0.86074007]
 [ 1.4227654  -0.9726851 ]
 [ 2.3930616  -1.9913002 ]
 [ 2.6671681  -2.2162983 ]
 [ 2.2127712  -1.7764655 ]
 [ 2.4801993  -2.069023  ]
 [ 3.2725716  -2.8096063 ]
 [ 2.1322174  -1.680029  ]
 [ 0.495104   -0.08579031]
 [ 0.43063486 -0.10642419]
 [ 3.0151498  -2.605292  ]
 [ 2.5573304  -2.058502  ]
 [ 3.0922813  -2.5947711 ]
 [ 2.6671681  -2.2162983 ]
 [ 0.59904593 -0.13848439]
 [ 1.7138437  -1.2253957 ]
 [ 2.5573304  -2.058502  ]]
2025-12-21 18:00:41,690 - [INFO] - ------------------------------------------------------------
2025-12-21 18:00:41,690 - [INFO] - On Validation Set:
	Accuracy of RRL  Model: 0.9101589495507948
	F1 Score of RRL  Model: 0.6828808599018179
2025-12-21 18:00:41,696 - [INFO] - On Validation Set:
Performance of  RRL Model: 
[[1271   15]
 [ 115   46]]
              precision    recall  f1-score   support

           0       0.92      0.99      0.95      1286
           1       0.75      0.29      0.41       161

    accuracy                           0.91      1447
   macro avg       0.84      0.64      0.68      1447
weighted avg       0.90      0.91      0.89      1447

2025-12-21 18:00:41,696 - [INFO] - ------------------------------------------------------------
2025-12-21 18:00:42,661 - [INFO] - epoch: 31, loss_rrl: 111.21427825652063
2025-12-21 18:00:43,574 - [DEBUG] - y_true: (1447,) [0 0 0 0 0 1 0 0 0 0 0 0 0 0 0 0 0 1 0 0 0 0 0 0 1 0 0 0 0 0 0 0 0 0 0 0 0
 0 1 1 0]
2025-12-21 18:00:43,732 - [DEBUG] - y_rrl_: (1447,) [0 0 0 0 0 1 0 0 0 0 0 0 0 0 0 0 0 0 0 0 0 0 0 0 1 0 0 0 0 0 0 0 0 0 0 0 0
 0 1 0 0]
2025-12-21 18:00:43,732 - [DEBUG] - y_rrl: (1447, 2) [[ 2.7572904  -2.2971442 ]
 [ 1.0308728  -0.62442863]
 [ 1.8254328  -1.3687702 ]
 [ 1.9577112  -1.54033   ]
 [ 2.3271427  -1.8717905 ]
 [ 0.19155443  0.21743506]
 [ 3.067716   -2.6532598 ]
 [ 2.3956494  -1.9321805 ]
 [ 3.505654   -3.0451097 ]
 [ 1.991951   -1.5194048 ]
 [ 1.5417564  -1.026244  ]
 [ 2.5034423  -2.0830383 ]
 [ 2.6375682  -2.2279062 ]
 [ 2.2751749  -1.870669  ]
 [ 3.067716   -2.6532598 ]
 [ 2.7572904  -2.2971442 ]
 [ 2.6935186  -2.185974  ]
 [ 1.4914489  -1.0603536 ]
 [ 1.3990965  -0.9119199 ]
 [ 1.4755957  -1.1138549 ]
 [ 2.8895688  -2.468704  ]
 [ 2.2751749  -1.870669  ]
 [ 1.3445249  -0.986264  ]
 [ 2.7572904  -2.2971442 ]
 [-1.4107094   1.901461  ]
 [ 1.3020122  -0.8867566 ]
 [ 1.5833883  -1.2647129 ]
 [ 2.459421   -2.0433502 ]
 [ 1.6537428  -1.2984107 ]
 [ 2.5660062  -2.1502392 ]
 [ 3.3275068  -2.8605545 ]
 [ 1.9577112  -1.54033   ]
 [ 0.6217024  -0.20791829]
 [ 0.5713952  -0.24202773]
 [ 3.067716   -2.6532598 ]
 [ 2.3956494  -1.9321805 ]
 [ 2.3271427  -1.8717905 ]
 [ 2.3271427  -1.8717905 ]
 [ 0.1731678   0.25001106]
 [ 1.9496686  -1.4120797 ]
 [ 2.263371   -1.7606207 ]]
2025-12-21 18:00:43,734 - [INFO] - ------------------------------------------------------------
2025-12-21 18:00:43,734 - [INFO] - On Validation Set:
	Accuracy of RRL  Model: 0.9101589495507948
	F1 Score of RRL  Model: 0.7154160363086233
2025-12-21 18:00:43,740 - [INFO] - On Validation Set:
Performance of  RRL Model: 
[[1257   29]
 [ 101   60]]
              precision    recall  f1-score   support

           0       0.93      0.98      0.95      1286
           1       0.67      0.37      0.48       161

    accuracy                           0.91      1447
   macro avg       0.80      0.68      0.72      1447
weighted avg       0.90      0.91      0.90      1447

2025-12-21 18:00:43,740 - [INFO] - ------------------------------------------------------------
2025-12-21 18:00:44,427 - [INFO] - epoch: 32, loss_rrl: 111.34119156748056
2025-12-21 18:00:45,601 - [DEBUG] - y_true: (1447,) [0 0 0 0 0 1 0 0 0 0 0 0 0 0 0 0 0 1 0 0 0 0 0 0 1 0 0 0 0 0 0 0 0 0 0 0 0
 0 1 1 0]
2025-12-21 18:00:45,760 - [DEBUG] - y_rrl_: (1447,) [0 0 0 0 0 1 0 0 0 0 0 0 0 0 0 0 0 0 0 0 0 0 0 0 1 0 0 0 0 0 0 0 0 0 0 0 0
 0 0 0 0]
2025-12-21 18:00:45,761 - [DEBUG] - y_rrl: (1447, 2) [[ 3.149739   -2.742541  ]
 [ 0.87186193 -0.48763928]
 [ 2.7377098  -2.2418892 ]
 [ 2.7377098  -2.2418892 ]
 [ 3.149739   -2.742541  ]
 [ 0.15075275  0.37185523]
 [ 3.6021428  -3.1494472 ]
 [ 2.7377098  -2.2418892 ]
 [ 3.6021428  -3.1494472 ]
 [ 1.4341027  -0.97957397]
 [ 1.1698987  -0.67915034]
 [ 2.4122822  -1.9639714 ]
 [ 2.0712888  -1.6535553 ]
 [ 3.2210226  -2.726504  ]
 [ 2.963962   -2.5212905 ]
 [ 3.4163659  -2.9281957 ]
 [ 2.933053   -2.4435809 ]
 [ 0.9133317  -0.4999648 ]
 [ 1.8893851  -1.4087783 ]
 [ 2.285306   -1.8349836 ]
 [ 2.9543955  -2.5408494 ]
 [ 3.4163659  -2.9281957 ]
 [ 2.132216   -1.8214021 ]
 [ 2.7686188  -2.3195984 ]
 [-1.3629382   1.8514901 ]
 [ 1.2335249  -0.7550606 ]
 [ 1.9155301  -1.5224416 ]
 [ 2.7686188  -2.3195984 ]
 [ 2.933053   -2.4435809 ]
 [ 2.4806495  -2.0366752 ]
 [ 3.4067996  -2.9477546 ]
 [ 2.285306   -1.8349836 ]
 [ 1.6294459  -1.1812658 ]
 [ 0.9133317  -0.4999648 ]
 [ 3.149739   -2.742541  ]
 [ 2.7377098  -2.2418892 ]
 [ 3.1053905  -2.7079172 ]
 [ 2.7686188  -2.3195984 ]
 [ 0.5466738  -0.05435004]
 [ 1.4431285  -0.94644547]
 [ 2.7377098  -2.2418892 ]]
2025-12-21 18:00:45,763 - [INFO] - ------------------------------------------------------------
2025-12-21 18:00:45,763 - [INFO] - On Validation Set:
	Accuracy of RRL  Model: 0.9039391845196959
	F1 Score of RRL  Model: 0.6447122747578664
2025-12-21 18:00:45,769 - [INFO] - On Validation Set:
Performance of  RRL Model: 
[[1272   14]
 [ 125   36]]
              precision    recall  f1-score   support

           0       0.91      0.99      0.95      1286
           1       0.72      0.22      0.34       161

    accuracy                           0.90      1447
   macro avg       0.82      0.61      0.64      1447
weighted avg       0.89      0.90      0.88      1447

2025-12-21 18:00:45,769 - [INFO] - ------------------------------------------------------------
2025-12-21 18:00:46,212 - [INFO] - epoch: 33, loss_rrl: 110.30622976645827
2025-12-21 18:00:47,644 - [DEBUG] - y_true: (1447,) [0 0 0 0 0 1 0 0 0 0 0 0 0 0 0 0 0 1 0 0 0 0 0 0 1 0 0 0 0 0 0 0 0 0 0 0 0
 0 1 1 0]
2025-12-21 18:00:47,809 - [DEBUG] - y_rrl_: (1447,) [0 0 0 0 0 1 0 0 0 0 0 0 0 0 0 0 0 0 0 0 0 0 0 0 1 0 0 0 0 0 0 0 0 0 0 0 0
 0 0 0 0]
2025-12-21 18:00:47,809 - [DEBUG] - y_rrl: (1447, 2) [[ 2.4626591e+00 -2.1116500e+00]
 [ 7.4296921e-01 -4.3377998e-01]
 [ 2.5664709e+00 -2.1467557e+00]
 [ 2.5664709e+00 -2.1467557e+00]
 [ 2.2470210e+00 -1.9345924e+00]
 [-6.7070946e-03  4.4210574e-01]
 [ 3.3825438e+00 -2.9318306e+00]
 [ 2.3320737e+00 -1.8771251e+00]
 [ 3.3825438e+00 -2.9318306e+00]
 [ 1.7726126e+00 -1.2749423e+00]
 [ 9.2780387e-01 -4.3512216e-01]
 [ 2.9202392e+00 -2.4682319e+00]
 [ 2.2470210e+00 -1.9345924e+00]
 [ 3.0100164e+00 -2.5177820e+00]
 [ 2.7175605e+00 -2.2765126e+00]
 [ 3.1481464e+00 -2.6622002e+00]
 [ 2.6858423e+00 -2.1986015e+00]
 [ 1.7726126e+00 -1.2749423e+00]
 [ 1.5339556e+00 -1.0938554e+00]
 [ 2.1358848e+00 -1.7610680e+00]
 [ 2.8138275e+00 -2.4017246e+00]
 [ 3.1481464e+00 -2.6622002e+00]
 [ 1.7109360e+00 -1.4393793e+00]
 [ 2.5794303e+00 -2.1320941e+00]
 [-1.4862330e+00  1.9586643e+00]
 [ 7.7521968e-01 -4.2212230e-01]
 [ 1.8948557e+00 -1.5385257e+00]
 [ 2.3637919e+00 -1.9550363e+00]
 [ 2.4702039e+00 -2.0215440e+00]
 [ 2.4896533e+00 -2.0825443e+00]
 [ 3.2444136e+00 -2.7874122e+00]
 [ 8.7610418e-01 -5.6173128e-01]
 [ 4.3850529e-01 -6.2916428e-04]
 [ 7.4722898e-01 -3.4523621e-01]
 [ 2.4626591e+00 -2.1116500e+00]
 [ 2.3320737e+00 -1.8771251e+00]
 [ 2.6776066e+00 -2.3202801e+00]
 [ 2.3637919e+00 -1.9550363e+00]
 [ 4.8259148e-01  7.6127276e-03]
 [ 1.0532138e+00 -5.5898505e-01]
 [ 2.3320737e+00 -1.8771251e+00]]
2025-12-21 18:00:47,811 - [INFO] - ------------------------------------------------------------
2025-12-21 18:00:47,811 - [INFO] - On Validation Set:
	Accuracy of RRL  Model: 0.9004837595024188
	F1 Score of RRL  Model: 0.6824665350010972
2025-12-21 18:00:47,817 - [INFO] - On Validation Set:
Performance of  RRL Model: 
[[1251   35]
 [ 109   52]]
              precision    recall  f1-score   support

           0       0.92      0.97      0.95      1286
           1       0.60      0.32      0.42       161

    accuracy                           0.90      1447
   macro avg       0.76      0.65      0.68      1447
weighted avg       0.88      0.90      0.89      1447

2025-12-21 18:00:47,817 - [INFO] - ------------------------------------------------------------
2025-12-21 18:00:47,997 - [INFO] - epoch: 34, loss_rrl: 110.73180272988975
2025-12-21 18:00:49,572 - [INFO] - epoch: 35, loss_rrl: 110.4322154764086
2025-12-21 18:00:49,663 - [DEBUG] - y_true: (1447,) [0 0 0 0 0 1 0 0 0 0 0 0 0 0 0 0 0 1 0 0 0 0 0 0 1 0 0 0 0 0 0 0 0 0 0 0 0
 0 1 1 0]
2025-12-21 18:00:49,826 - [DEBUG] - y_rrl_: (1447,) [0 0 0 0 0 1 0 0 0 0 0 0 0 0 0 0 0 0 0 0 0 0 0 0 1 0 0 0 0 0 0 0 0 0 0 0 0
 0 0 0 0]
2025-12-21 18:00:49,826 - [DEBUG] - y_rrl: (1447, 2) [[ 2.5222783  -2.1722445 ]
 [ 0.55965054 -0.21756972]
 [ 2.4051986  -1.9536548 ]
 [ 2.4051986  -1.9536548 ]
 [ 2.1331315  -1.6916317 ]
 [ 0.04975256  0.3839596 ]
 [ 3.4159386  -2.9672112 ]
 [ 2.1877003  -1.7011482 ]
 [ 3.4159386  -2.9672112 ]
 [ 1.359868   -0.9088395 ]
 [ 1.0809207  -0.59434754]
 [ 2.9758823  -2.5258684 ]
 [ 2.1123037  -1.7669692 ]
 [ 2.5980742  -2.066336  ]
 [ 2.7652643  -2.3258312 ]
 [ 2.6228728  -2.179721  ]
 [ 2.3187275  -1.7919315 ]
 [ 1.359868   -0.9088395 ]
 [ 0.8026366  -0.37115657]
 [ 1.9720228  -1.5647812 ]
 [ 2.2464864  -1.8764157 ]
 [ 3.1984398  -2.7147045 ]
 [ 1.5367366  -1.2319858 ]
 [ 2.1648989  -1.6774627 ]
 [-1.5069119   1.977289  ]
 [ 0.65011847 -0.26440945]
 [ 2.5153983  -2.1197753 ]
 [ 2.1945808  -1.7536176 ]
 [ 2.3484097  -1.8680867 ]
 [ 2.5427063  -2.136995  ]
 [ 3.2552288  -2.8002725 ]
 [ 1.7545247  -1.312275  ]
 [ 0.62043655 -0.18825449]
 [ 0.32381696  0.03223694]
 [ 2.5222783  -2.1722445 ]
 [ 2.1877003  -1.7011482 ]
 [ 2.5454795  -2.1558423 ]
 [ 2.1945808  -1.7536176 ]
 [ 0.5102367  -0.02213343]
 [ 1.0028739  -0.5110962 ]
 [ 2.1877003  -1.7011482 ]]
2025-12-21 18:00:49,828 - [INFO] - ------------------------------------------------------------
2025-12-21 18:00:49,829 - [INFO] - On Validation Set:
	Accuracy of RRL  Model: 0.9011748445058743
	F1 Score of RRL  Model: 0.6714021873595581
2025-12-21 18:00:49,835 - [INFO] - On Validation Set:
Performance of  RRL Model: 
[[1257   29]
 [ 114   47]]
              precision    recall  f1-score   support

           0       0.92      0.98      0.95      1286
           1       0.62      0.29      0.40       161

    accuracy                           0.90      1447
   macro avg       0.77      0.63      0.67      1447
weighted avg       0.88      0.90      0.89      1447

2025-12-21 18:00:49,835 - [INFO] - ------------------------------------------------------------
2025-12-21 18:00:51,328 - [INFO] - epoch: 36, loss_rrl: 111.3205292019993
2025-12-21 18:00:51,644 - [DEBUG] - y_true: (1447,) [0 0 0 0 0 1 0 0 0 0 0 0 0 0 0 0 0 1 0 0 0 0 0 0 1 0 0 0 0 0 0 0 0 0 0 0 0
 0 1 1 0]
2025-12-21 18:00:51,807 - [DEBUG] - y_rrl_: (1447,) [0 0 0 0 0 1 0 0 0 0 0 0 0 0 0 0 0 0 0 0 0 0 0 0 1 0 0 0 0 0 0 0 0 0 0 0 0
 0 0 0 0]
2025-12-21 18:00:51,807 - [DEBUG] - y_rrl: (1447, 2) [[ 2.91732    -2.5142934 ]
 [ 0.891214   -0.5454366 ]
 [ 2.7897542  -2.3355715 ]
 [ 2.7897542  -2.3355715 ]
 [ 2.91732    -2.5142934 ]
 [-0.3868166   0.84841895]
 [ 3.3931592  -2.9464252 ]
 [ 2.5784862  -2.0895174 ]
 [ 3.3931592  -2.9464252 ]
 [ 1.7673851  -1.2743893 ]
 [ 1.4673842  -0.9391813 ]
 [ 2.3505204  -1.9428049 ]
 [ 2.0775244  -1.698899  ]
 [ 3.0382197  -2.5505288 ]
 [ 2.7060516  -2.268239  ]
 [ 3.1818907  -2.7003706 ]
 [ 2.7221572  -2.2393591 ]
 [ 1.1844798  -0.73178065]
 [ 1.7307189  -1.25588   ]
 [ 2.313915   -1.9034396 ]
 [ 2.773648   -2.3644512 ]
 [ 3.1818907  -2.7003706 ]
 [ 1.8665468  -1.5577956 ]
 [ 2.56238    -2.1183972 ]
 [-1.6011012   2.0694146 ]
 [ 0.59542155 -0.17670506]
 [ 1.8826524  -1.5289158 ]
 [ 2.56238    -2.1183972 ]
 [ 2.7221572  -2.2393591 ]
 [ 2.4575865  -2.053282  ]
 [ 3.2494876  -2.796583  ]
 [ 1.6347789  -1.243496  ]
 [ 0.99951637 -0.52529204]
 [ 0.71661204 -0.3178914 ]
 [ 2.91732    -2.5142934 ]
 [ 2.5784862  -2.0895174 ]
 [ 2.9252913  -2.532536  ]
 [ 2.56238    -2.1183972 ]
 [ 0.45297906  0.03302449]
 [ 0.9410294  -0.4517162 ]
 [ 2.5784862  -2.0895174 ]]
2025-12-21 18:00:51,810 - [INFO] - ------------------------------------------------------------
2025-12-21 18:00:51,810 - [INFO] - On Validation Set:
	Accuracy of RRL  Model: 0.9039391845196959
	F1 Score of RRL  Model: 0.701115247159872
2025-12-21 18:00:51,817 - [INFO] - On Validation Set:
Performance of  RRL Model: 
[[1250   36]
 [ 103   58]]
              precision    recall  f1-score   support

           0       0.92      0.97      0.95      1286
           1       0.62      0.36      0.45       161

    accuracy                           0.90      1447
   macro avg       0.77      0.67      0.70      1447
weighted avg       0.89      0.90      0.89      1447

2025-12-21 18:00:51,817 - [INFO] - ------------------------------------------------------------
2025-12-21 18:00:52,946 - [INFO] - epoch: 37, loss_rrl: 112.06366263888776
2025-12-21 18:00:53,491 - [DEBUG] - y_true: (1447,) [0 0 0 0 0 1 0 0 0 0 0 0 0 0 0 0 0 1 0 0 0 0 0 0 1 0 0 0 0 0 0 0 0 0 0 0 0
 0 1 1 0]
2025-12-21 18:00:53,655 - [DEBUG] - y_rrl_: (1447,) [0 0 0 0 0 0 0 0 0 0 0 0 0 0 0 0 0 0 0 0 0 0 0 0 1 0 0 0 0 0 0 0 0 0 0 0 0
 0 0 0 0]
2025-12-21 18:00:53,655 - [DEBUG] - y_rrl: (1447, 2) [[ 2.6829343  -2.2751906 ]
 [ 1.0352769  -0.6023631 ]
 [ 2.492675   -2.0059767 ]
 [ 2.492675   -2.0059767 ]
 [ 2.6829343  -2.2751906 ]
 [ 0.35283533  0.13106617]
 [ 3.3032322  -2.8584852 ]
 [ 2.492675   -2.0059767 ]
 [ 3.3032322  -2.8584852 ]
 [ 1.2145407  -0.76698786]
 [ 0.77001107 -0.2814726 ]
 [ 2.0119512  -1.5713751 ]
 [ 2.6271267  -2.190928  ]
 [ 2.5408626  -2.1089988 ]
 [ 2.6271267  -2.190928  ]
 [ 2.9731188  -2.4876912 ]
 [ 2.492675   -2.0059767 ]
 [ 0.5966641  -0.1891208 ]
 [ 1.6531534  -1.1802301 ]
 [ 1.577274   -1.1872555 ]
 [ 2.6829343  -2.2751906 ]
 [ 2.5408626  -2.1089988 ]
 [ 1.6328015  -1.3186313 ]
 [ 2.4899738  -2.0476625 ]
 [-1.2398553   1.7596693 ]
 [ 1.3516936  -0.91025347]
 [ 1.579695   -1.1926829 ]
 [ 2.4899738  -2.0476625 ]
 [ 2.1975718  -1.7705499 ]
 [ 2.1466832  -1.7092133 ]
 [ 3.166079   -2.7152195 ]
 [ 2.0095303  -1.5659478 ]
 [ 0.77001107 -0.2814726 ]
 [ 0.5966641  -0.1891208 ]
 [ 2.8200874  -2.4184563 ]
 [ 2.492675   -2.0059767 ]
 [ 3.166079   -2.7152195 ]
 [ 2.4899738  -2.0476625 ]
 [ 0.35283533  0.13106617]
 [ 1.9107122  -1.424309  ]
 [ 2.492675   -2.0059767 ]]
2025-12-21 18:00:53,657 - [INFO] - ------------------------------------------------------------
2025-12-21 18:00:53,657 - [INFO] - On Validation Set:
	Accuracy of RRL  Model: 0.9046302695231514
	F1 Score of RRL  Model: 0.6688281965212084
2025-12-21 18:00:53,663 - [INFO] - On Validation Set:
Performance of  RRL Model: 
[[1265   21]
 [ 117   44]]
              precision    recall  f1-score   support

           0       0.92      0.98      0.95      1286
           1       0.68      0.27      0.39       161

    accuracy                           0.90      1447
   macro avg       0.80      0.63      0.67      1447
weighted avg       0.89      0.90      0.89      1447

2025-12-21 18:00:53,663 - [INFO] - ------------------------------------------------------------
2025-12-21 18:00:54,540 - [INFO] - epoch: 38, loss_rrl: 111.40383233316243
2025-12-21 18:00:55,315 - [DEBUG] - y_true: (1447,) [0 0 0 0 0 1 0 0 0 0 0 0 0 0 0 0 0 1 0 0 0 0 0 0 1 0 0 0 0 0 0 0 0 0 0 0 0
 0 1 1 0]
2025-12-21 18:00:55,478 - [DEBUG] - y_rrl_: (1447,) [0 0 0 0 0 1 0 0 0 0 0 0 0 0 0 0 0 0 0 0 0 0 0 0 1 0 0 0 0 0 0 0 0 0 0 0 0
 0 0 0 0]
2025-12-21 18:00:55,479 - [DEBUG] - y_rrl: (1447, 2) [[ 2.78795    -2.344399  ]
 [ 0.5794246  -0.1465295 ]
 [ 1.4531685  -0.97237587]
 [ 1.55781    -1.114297  ]
 [ 1.9424902  -1.4629601 ]
 [ 0.18277739  0.24586475]
 [ 3.0509408  -2.650725  ]
 [ 1.868478   -1.3480912 ]
 [ 3.5445714  -3.1018305 ]
 [ 1.9163395  -1.4280096 ]
 [ 1.5142912  -0.98536634]
 [ 2.4313018  -2.0270216 ]
 [ 2.205481   -1.7692864 ]
 [ 2.2105153  -1.7857581 ]
 [ 2.8679786  -2.4334135 ]
 [ 2.6049876  -2.1270878 ]
 [ 2.6092963  -2.0876093 ]
 [ 1.2923914  -0.8437847 ]
 [ 0.9157688  -0.3715219 ]
 [ 1.1633376  -0.77296734]
 [ 2.8925915  -2.48632   ]
 [ 2.2105153  -1.7857581 ]
 [ 0.9240698  -0.5374055 ]
 [ 2.6049876  -2.1270878 ]
 [-1.0183173   1.5356346 ]
 [ 0.73559886 -0.2598698 ]
 [ 1.5431988  -1.2345864 ]
 [ 1.8641692  -1.3875699 ]
 [ 1.1387247  -0.72006077]
 [ 2.5616193  -2.160141  ]
 [ 3.3862221  -2.937426  ]
 [ 0.9803754  -0.55565596]
 [ 1.0282369  -0.6355745 ]
 [ 0.40428883 -0.05134958]
 [ 3.0509408  -2.650725  ]
 [ 1.868478   -1.3480912 ]
 [ 1.9424902  -1.4629601 ]
 [ 1.7595278  -1.2456489 ]
 [ 0.5772498  -0.09546494]
 [ 2.0726218  -1.5513251 ]
 [ 1.7638365  -1.2061703 ]]
2025-12-21 18:00:55,481 - [INFO] - ------------------------------------------------------------
2025-12-21 18:00:55,481 - [INFO] - On Validation Set:
	Accuracy of RRL  Model: 0.902557014512785
	F1 Score of RRL  Model: 0.6946494395912436
2025-12-21 18:00:55,487 - [INFO] - On Validation Set:
Performance of  RRL Model: 
[[1250   36]
 [ 105   56]]
              precision    recall  f1-score   support

           0       0.92      0.97      0.95      1286
           1       0.61      0.35      0.44       161

    accuracy                           0.90      1447
   macro avg       0.77      0.66      0.69      1447
weighted avg       0.89      0.90      0.89      1447

2025-12-21 18:00:55,487 - [INFO] - ------------------------------------------------------------
2025-12-21 18:00:56,144 - [INFO] - epoch: 39, loss_rrl: 111.42210879549384
2025-12-21 18:00:57,151 - [DEBUG] - y_true: (1447,) [0 0 0 0 0 1 0 0 0 0 0 0 0 0 0 0 0 1 0 0 0 0 0 0 1 0 0 0 0 0 0 0 0 0 0 0 0
 0 1 1 0]
2025-12-21 18:00:57,332 - [DEBUG] - y_rrl_: (1447,) [0 0 0 0 0 1 0 0 0 0 0 0 0 0 0 0 0 0 0 0 0 0 0 0 1 0 0 0 0 0 0 0 0 0 0 0 0
 0 0 1 0]
2025-12-21 18:00:57,332 - [DEBUG] - y_rrl: (1447, 2) [[ 2.4272368  -1.996915  ]
 [ 0.7468317  -0.36995268]
 [ 1.7499709  -1.2842648 ]
 [ 2.1052468  -1.6650846 ]
 [ 2.4272368  -1.996915  ]
 [ 0.10103705  0.40748337]
 [ 2.9407165  -2.5419369 ]
 [ 2.5790322  -2.0969443 ]
 [ 3.4145017  -2.9737964 ]
 [ 1.3134372  -0.86939585]
 [ 0.96693474 -0.4826933 ]
 [ 2.1044462  -1.6677941 ]
 [ 2.036059   -1.6269959 ]
 [ 2.2482047  -1.7837529 ]
 [ 2.7616847  -2.3287754 ]
 [ 2.2482047  -1.7837529 ]
 [ 2.223756   -1.7161248 ]
 [ 0.68064785 -0.27604324]
 [ 1.4037051  -0.90913177]
 [ 2.1052468  -1.6650846 ]
 [ 2.782513   -2.3777342 ]
 [ 2.2482047  -1.7837529 ]
 [ 1.4150875  -1.076916  ]
 [ 2.2482047  -1.7837529 ]
 [-1.7888043   2.2641697 ]
 [ 1.1253749  -0.6584655 ]
 [ 1.251301   -0.90928817]
 [ 2.603481   -2.1645727 ]
 [ 2.2634504  -1.829287  ]
 [ 2.2634504  -1.829287  ]
 [ 3.256298   -2.8095942 ]
 [ 1.7258868  -1.3384384 ]
 [ 1.3134372  -0.86939585]
 [ 0.68064785 -0.27604324]
 [ 2.9407165  -2.5419369 ]
 [ 2.5790322  -2.0969443 ]
 [ 2.0478768  -1.6702687 ]
 [ 2.2482047  -1.7837529 ]
 [ 0.44730285  0.03235033]
 [ 0.04911249  0.4426454 ]
 [ 2.223756   -1.7161248 ]]
2025-12-21 18:00:57,334 - [INFO] - ------------------------------------------------------------
2025-12-21 18:00:57,334 - [INFO] - On Validation Set:
	Accuracy of RRL  Model: 0.9080856945404284
	F1 Score of RRL  Model: 0.7077899499700124
2025-12-21 18:00:57,341 - [INFO] - On Validation Set:
Performance of  RRL Model: 
[[1256   30]
 [ 103   58]]
              precision    recall  f1-score   support

           0       0.92      0.98      0.95      1286
           1       0.66      0.36      0.47       161

    accuracy                           0.91      1447
   macro avg       0.79      0.67      0.71      1447
weighted avg       0.89      0.91      0.90      1447

2025-12-21 18:00:57,341 - [INFO] - ------------------------------------------------------------
2025-12-21 18:00:58,011 - [INFO] - epoch: 40, loss_rrl: 110.78491588868201
2025-12-21 18:00:59,237 - [DEBUG] - y_true: (1447,) [0 0 0 0 0 1 0 0 0 0 0 0 0 0 0 0 0 1 0 0 0 0 0 0 1 0 0 0 0 0 0 0 0 0 0 0 0
 0 1 1 0]
2025-12-21 18:00:59,387 - [DEBUG] - y_rrl_: (1447,) [0 0 0 0 0 1 0 0 0 0 0 0 0 0 0 0 0 0 0 0 0 0 0 0 1 0 0 0 0 0 0 0 0 1 0 0 0
 0 0 0 0]
2025-12-21 18:00:59,388 - [DEBUG] - y_rrl: (1447, 2) [[ 2.6273463  -2.2823    ]
 [ 0.96184605 -0.6201339 ]
 [ 2.783717   -2.3378885 ]
 [ 2.783717   -2.3378885 ]
 [ 2.6273463  -2.2823    ]
 [ 0.16373545  0.26149842]
 [ 3.4378731  -2.999235  ]
 [ 2.602499   -2.1227608 ]
 [ 3.4378731  -2.999235  ]
 [ 1.0731788  -0.5911122 ]
 [ 0.5523891  -0.1154172 ]
 [ 2.2629268  -1.8621935 ]
 [ 2.6273463  -2.2823    ]
 [ 3.1184752  -2.6399832 ]
 [ 2.7844694  -2.3532376 ]
 [ 3.256656   -2.784107  ]
 [ 2.7406797  -2.2668846 ]
 [ 0.41420832  0.02870648]
 [ 1.7779394  -1.3108901 ]
 [ 2.3115304  -1.9070191 ]
 [ 2.8275068  -2.4242415 ]
 [ 3.256656   -2.784107  ]
 [ 1.9683758  -1.6624812 ]
 [ 2.6462886  -2.2091138 ]
 [-2.1078527   2.5287013 ]
 [ 0.8730184  -0.4491705 ]
 [ 1.9245857  -1.5761281 ]
 [ 2.6462886  -2.2091138 ]
 [ 2.7406797  -2.2668846 ]
 [ 2.4497113  -2.051143  ]
 [ 3.2996929  -2.855111  ]
 [ 1.7919711  -1.4058261 ]
 [ 0.21404794  0.17064814]
 [ 0.07586718  0.31477183]
 [ 2.6273463  -2.2823    ]
 [ 2.602499   -2.1227608 ]
 [ 3.099532   -2.7131696 ]
 [ 2.6462886  -2.2091138 ]
 [ 0.5020766  -0.02456693]
 [ 1.0450294  -0.56569207]
 [ 2.602499   -2.1227608 ]]
2025-12-21 18:00:59,390 - [INFO] - ------------------------------------------------------------
2025-12-21 18:00:59,390 - [INFO] - On Validation Set:
	Accuracy of RRL  Model: 0.9011748445058743
	F1 Score of RRL  Model: 0.6636267725265097
2025-12-21 18:00:59,396 - [INFO] - On Validation Set:
Performance of  RRL Model: 
[[1260   26]
 [ 117   44]]
              precision    recall  f1-score   support

           0       0.92      0.98      0.95      1286
           1       0.63      0.27      0.38       161

    accuracy                           0.90      1447
   macro avg       0.77      0.63      0.66      1447
weighted avg       0.88      0.90      0.88      1447

2025-12-21 18:00:59,396 - [INFO] - ------------------------------------------------------------
2025-12-21 18:00:59,587 - [INFO] - epoch: 41, loss_rrl: 111.04647678695619
2025-12-21 18:01:00,980 - [INFO] - epoch: 42, loss_rrl: 110.34481921046972
2025-12-21 18:01:01,030 - [DEBUG] - y_true: (1447,) [0 0 0 0 0 1 0 0 0 0 0 0 0 0 0 0 0 1 0 0 0 0 0 0 1 0 0 0 0 0 0 0 0 0 0 0 0
 0 1 1 0]
2025-12-21 18:01:01,179 - [DEBUG] - y_rrl_: (1447,) [0 0 0 0 0 1 0 0 0 0 0 0 0 0 0 0 0 0 0 0 0 0 0 0 1 0 0 0 0 0 0 0 0 0 0 0 0
 0 0 0 0]
2025-12-21 18:01:01,179 - [DEBUG] - y_rrl: (1447, 2) [[ 2.55269    -2.208706  ]
 [ 0.64121515 -0.26688725]
 [ 2.5188866  -2.041556  ]
 [ 2.5188866  -2.041556  ]
 [ 2.6119604  -2.176722  ]
 [ 0.0536622   0.36986357]
 [ 3.0476463  -2.6629624 ]
 [ 2.5188866  -2.041556  ]
 [ 3.3847616  -2.948248  ]
 [ 1.2321438  -0.7916918 ]
 [ 1.10617    -0.6321815 ]
 [ 2.010043   -1.5774648 ]
 [ 2.3639112  -1.9862362 ]
 [ 2.4291508  -1.9654647 ]
 [ 2.3639112  -1.9862362 ]
 [ 3.1959827  -2.725778  ]
 [ 2.392913   -1.8820453 ]
 [ 0.5714285  -0.16984215]
 [ 1.6390456  -1.1740221 ]
 [ 1.6868149  -1.3020141 ]
 [ 2.737934   -2.3362322 ]
 [ 2.8588674  -2.4404926 ]
 [ 1.8919747  -1.5868562 ]
 [ 1.9341942  -1.5112083 ]
 [-2.2566783   2.6757283 ]
 [ 1.0468998  -0.66416544]
 [ 1.6729274  -1.2921797 ]
 [ 2.2120395  -1.8284774 ]
 [ 2.3336427  -1.9140294 ]
 [ 2.175802   -1.745058  ]
 [ 3.2328908  -2.7904887 ]
 [ 2.0239303  -1.5872992 ]
 [ 1.0468998  -0.66416544]
 [ 0.23431315  0.11544299]
 [ 2.55269    -2.208706  ]
 [ 2.5188866  -2.041556  ]
 [ 3.0476463  -2.6629624 ]
 [ 2.2120395  -1.8284774 ]
 [ 0.39077753  0.08457842]
 [ 0.48033828 -0.02484176]
 [ 2.5188866  -2.041556  ]]
2025-12-21 18:01:01,181 - [INFO] - ------------------------------------------------------------
2025-12-21 18:01:01,181 - [INFO] - On Validation Set:
	Accuracy of RRL  Model: 0.9129232895646164
	F1 Score of RRL  Model: 0.7426575203252033
2025-12-21 18:01:01,187 - [INFO] - On Validation Set:
Performance of  RRL Model: 
[[1249   37]
 [  89   72]]
              precision    recall  f1-score   support

           0       0.93      0.97      0.95      1286
           1       0.66      0.45      0.53       161

    accuracy                           0.91      1447
   macro avg       0.80      0.71      0.74      1447
weighted avg       0.90      0.91      0.91      1447

2025-12-21 18:01:01,187 - [INFO] - ------------------------------------------------------------
2025-12-21 18:01:02,532 - [INFO] - epoch: 43, loss_rrl: 110.27145652472973
2025-12-21 18:01:02,808 - [DEBUG] - y_true: (1447,) [0 0 0 0 0 1 0 0 0 0 0 0 0 0 0 0 0 1 0 0 0 0 0 0 1 0 0 0 0 0 0 0 0 0 0 0 0
 0 1 1 0]
2025-12-21 18:01:02,956 - [DEBUG] - y_rrl_: (1447,) [0 1 0 0 0 1 0 0 0 0 0 0 0 0 0 0 0 0 0 0 0 0 0 0 1 0 0 0 0 0 0 0 0 0 0 0 0
 0 1 1 0]
2025-12-21 18:01:02,957 - [DEBUG] - y_rrl: (1447, 2) [[ 2.7782495  -2.3781662 ]
 [ 0.11333731  0.25517422]
 [ 2.040383   -1.5699973 ]
 [ 2.040383   -1.5699973 ]
 [ 1.9548783  -1.5201921 ]
 [ 0.0421907   0.37962893]
 [ 3.4447432  -3.0104144 ]
 [ 2.040383   -1.5699973 ]
 [ 3.4447432  -3.0104144 ]
 [ 1.7236118  -1.2449403 ]
 [ 1.0510768  -0.5051668 ]
 [ 1.6625669  -1.2039559 ]
 [ 1.8634474  -1.4915776 ]
 [ 2.8048434  -2.2921329 ]
 [ 2.7461836  -2.3184597 ]
 [ 2.713786   -2.211995  ]
 [ 2.2822769  -1.768336  ]
 [ 0.65461576 -0.18636373]
 [ 1.1506412  -0.69217205]
 [ 1.5324373  -1.1021278 ]
 [ 2.7782495  -2.3781662 ]
 [ 3.0955822  -2.6219506 ]
 [ 1.2083135  -0.90266347]
 [ 2.2968976  -1.8242631 ]
 [-1.5778258   2.0336623 ]
 [ 0.49147698 -0.11456744]
 [ 1.3124629  -0.90523046]
 [ 2.055004   -1.6259243 ]
 [ 1.8171344  -1.3244205 ]
 [ 2.223617   -1.794663  ]
 [ 3.2861955  -2.846036  ]
 [ 1.1823334  -0.8034024 ]
 [ 0.9917115  -0.5362593 ]
 [ 0.3045117   0.11236162]
 [ 2.936797   -2.5425448 ]
 [ 2.040383   -1.5699973 ]
 [ 2.4034588  -2.0191543 ]
 [ 2.055004   -1.6259243 ]
 [ 0.01049849  0.49085924]
 [-0.07665524  0.56375116]
 [ 2.040383   -1.5699973 ]]
2025-12-21 18:01:02,959 - [INFO] - ------------------------------------------------------------
2025-12-21 18:01:02,959 - [INFO] - On Validation Set:
	Accuracy of RRL  Model: 0.8977194194885971
	F1 Score of RRL  Model: 0.7311246371571197
2025-12-21 18:01:02,965 - [INFO] - On Validation Set:
Performance of  RRL Model: 
[[1219   67]
 [  81   80]]
              precision    recall  f1-score   support

           0       0.94      0.95      0.94      1286
           1       0.54      0.50      0.52       161

    accuracy                           0.90      1447
   macro avg       0.74      0.72      0.73      1447
weighted avg       0.89      0.90      0.90      1447

2025-12-21 18:01:02,965 - [INFO] - ------------------------------------------------------------
2025-12-21 18:01:04,090 - [INFO] - epoch: 44, loss_rrl: 110.7997968532145
2025-12-21 18:01:04,588 - [DEBUG] - y_true: (1447,) [0 0 0 0 0 1 0 0 0 0 0 0 0 0 0 0 0 1 0 0 0 0 0 0 1 0 0 0 0 0 0 0 0 0 0 0 0
 0 1 1 0]
2025-12-21 18:01:04,737 - [DEBUG] - y_rrl_: (1447,) [0 0 0 0 0 1 0 0 0 0 0 0 0 0 0 0 0 0 0 0 0 0 0 0 1 0 0 0 0 0 0 0 0 0 0 0 0
 0 0 1 0]
2025-12-21 18:01:04,737 - [DEBUG] - y_rrl: (1447, 2) [[ 2.7041724  -2.305721  ]
 [ 0.767167   -0.42878708]
 [ 2.7107646  -2.2716348 ]
 [ 2.7107646  -2.2716348 ]
 [ 2.7041724  -2.305721  ]
 [-0.02235776  0.44248778]
 [ 3.3563004  -2.9241672 ]
 [ 2.5170536  -2.0446675 ]
 [ 3.3563004  -2.9241672 ]
 [ 1.670763   -1.1945695 ]
 [ 1.3640335  -0.84908575]
 [ 2.1250157  -1.7299571 ]
 [ 2.5074308  -2.1656787 ]
 [ 3.0242574  -2.5530932 ]
 [ 2.6487935  -2.2228603 ]
 [ 3.0242574  -2.5530932 ]
 [ 2.5170536  -2.0446675 ]
 [ 0.9466825  -0.5087847 ]
 [ 1.6326101  -1.1717534 ]
 [ 2.1969688  -1.7972956 ]
 [ 2.7041724  -2.305721  ]
 [ 3.0242574  -2.5530932 ]
 [ 1.6450183  -1.3357872 ]
 [ 2.5104616  -2.0787532 ]
 [-1.6479867   2.1017637 ]
 [ 0.96022516 -0.5801875 ]
 [ 1.7899423  -1.4458078 ]
 [ 2.5104616  -2.0787532 ]
 [ 2.6553853  -2.1887746 ]
 [ 2.3353004  -1.9414022 ]
 [ 3.2179687  -2.7800605 ]
 [ 1.6681843  -1.2861786 ]
 [ 1.3356895  -0.91042024]
 [ 0.611609   -0.22463542]
 [ 2.8425043  -2.449828  ]
 [ 2.5170536  -2.0446675 ]
 [ 2.8828952  -2.4959114 ]
 [ 2.5104616  -2.0787532 ]
 [ 0.3127158   0.15833852]
 [ 0.15689206  0.29961273]
 [ 2.5170536  -2.0446675 ]]
2025-12-21 18:01:04,740 - [INFO] - ------------------------------------------------------------
2025-12-21 18:01:04,740 - [INFO] - On Validation Set:
	Accuracy of RRL  Model: 0.907394609536973
	F1 Score of RRL  Model: 0.7207368360410186
2025-12-21 18:01:04,746 - [INFO] - On Validation Set:
Performance of  RRL Model: 
[[1248   38]
 [  96   65]]
              precision    recall  f1-score   support

           0       0.93      0.97      0.95      1286
           1       0.63      0.40      0.49       161

    accuracy                           0.91      1447
   macro avg       0.78      0.69      0.72      1447
weighted avg       0.90      0.91      0.90      1447

2025-12-21 18:01:04,746 - [INFO] - ------------------------------------------------------------
2025-12-21 18:01:05,951 - [INFO] - epoch: 45, loss_rrl: 110.8566189724952
2025-12-21 18:01:06,674 - [DEBUG] - y_true: (1447,) [0 0 0 0 0 1 0 0 0 0 0 0 0 0 0 0 0 1 0 0 0 0 0 0 1 0 0 0 0 0 0 0 0 0 0 0 0
 0 1 1 0]
2025-12-21 18:01:06,823 - [DEBUG] - y_rrl_: (1447,) [0 0 0 0 0 1 0 0 0 0 0 0 0 0 0 0 0 0 0 0 0 0 0 0 1 0 0 0 0 0 0 0 0 1 0 0 0
 0 0 0 0]
2025-12-21 18:01:06,823 - [DEBUG] - y_rrl: (1447, 2) [[ 3.1225348  -2.7256985 ]
 [ 1.3379407  -0.9171706 ]
 [ 2.4362223  -2.0051305 ]
 [ 2.4362223  -2.0051305 ]
 [ 3.1225348  -2.7256985 ]
 [ 0.03111371  0.4150388 ]
 [ 3.2980516  -2.9069347 ]
 [ 2.9508574  -2.4809227 ]
 [ 3.8126874  -3.3827271 ]
 [ 1.5593042  -1.1244086 ]
 [ 1.1996684  -0.7370778 ]
 [ 2.0280926  -1.574199  ]
 [ 2.757014   -2.3051584 ]
 [ 2.941133   -2.5112529 ]
 [ 3.1166496  -2.6924891 ]
 [ 2.5814972  -2.123922  ]
 [ 2.9508574  -2.4809227 ]
 [ 0.46102256 -0.03644855]
 [ 2.0765865  -1.6177998 ]
 [ 2.4362223  -2.0051305 ]
 [ 3.1225348  -2.7256985 ]
 [ 2.941133   -2.5112529 ]
 [ 2.0802994  -1.7719505 ]
 [ 2.941133   -2.5112529 ]
 [-0.91130483  1.4135151 ]
 [ 1.375185   -0.9183139 ]
 [ 1.5695037  -1.2326188 ]
 [ 2.941133   -2.5112529 ]
 [ 2.2521033  -1.799036  ]
 [ 2.611739   -2.1863668 ]
 [ 3.6371706  -3.2014906 ]
 [ 2.132633   -1.7520118 ]
 [ 0.89607906 -0.483959  ]
 [ 0.15743315  0.21667026]
 [ 3.2980516  -2.9069347 ]
 [ 2.9508574  -2.4809227 ]
 [ 2.762899   -2.3383677 ]
 [ 2.941133   -2.5112529 ]
 [ 0.33470312  0.16191998]
 [ 1.4495583  -0.9733372 ]
 [ 2.9508574  -2.4809227 ]]
2025-12-21 18:01:06,826 - [INFO] - ------------------------------------------------------------
2025-12-21 18:01:06,826 - [INFO] - On Validation Set:
	Accuracy of RRL  Model: 0.9039391845196959
	F1 Score of RRL  Model: 0.662320590027752
2025-12-21 18:01:06,832 - [INFO] - On Validation Set:
Performance of  RRL Model: 
[[1266   20]
 [ 119   42]]
              precision    recall  f1-score   support

           0       0.91      0.98      0.95      1286
           1       0.68      0.26      0.38       161

    accuracy                           0.90      1447
   macro avg       0.80      0.62      0.66      1447
weighted avg       0.89      0.90      0.88      1447

2025-12-21 18:01:06,832 - [INFO] - ------------------------------------------------------------
2025-12-21 18:01:07,506 - [INFO] - epoch: 46, loss_rrl: 109.62241731211543
2025-12-21 18:01:08,479 - [DEBUG] - y_true: (1447,) [0 0 0 0 0 1 0 0 0 0 0 0 0 0 0 0 0 1 0 0 0 0 0 0 1 0 0 0 0 0 0 0 0 0 0 0 0
 0 1 1 0]
2025-12-21 18:01:08,629 - [DEBUG] - y_rrl_: (1447,) [0 0 0 0 0 1 0 0 0 0 0 0 0 0 0 0 0 0 0 0 0 0 0 0 1 0 0 0 0 0 0 0 0 0 0 0 0
 0 0 0 0]
2025-12-21 18:01:08,630 - [DEBUG] - y_rrl: (1447, 2) [[ 2.7918959  -2.4523664 ]
 [ 0.8040208  -0.43506435]
 [ 2.19102    -1.761781  ]
 [ 2.19102    -1.761781  ]
 [ 3.0867877  -2.6972477 ]
 [ 0.09206122  0.4021937 ]
 [ 2.7918959  -2.4523664 ]
 [ 2.6821284  -2.2146528 ]
 [ 3.5778956  -3.1501195 ]
 [ 1.3176062  -0.88456285]
 [ 0.78032583 -0.39068094]
 [ 2.1448479  -1.7207706 ]
 [ 2.2385192  -1.8386931 ]
 [ 2.419528   -2.0415034 ]
 [ 2.6064367  -2.2340748 ]
 [ 2.901329   -2.4789562 ]
 [ 2.8690376  -2.4072242 ]
 [ 0.59341675 -0.1981093 ]
 [ 1.8231024  -1.3663994 ]
 [ 1.8961278  -1.5168995 ]
 [ 2.899879   -2.5046763 ]
 [ 2.6064367  -2.2340748 ]
 [ 2.067706   -1.7659127 ]
 [ 2.419528   -2.0415034 ]
 [-1.8816258   2.3435996 ]
 [ 1.1365978  -0.6817529 ]
 [ 1.3588473  -1.0230173 ]
 [ 2.419528   -2.0415034 ]
 [ 2.083037   -1.7094709 ]
 [ 2.3779287  -1.9543523 ]
 [ 3.3909874  -2.9575481 ]
 [ 2.19102    -1.761781  ]
 [ 0.78032583 -0.39068094]
 [ 0.59341675 -0.1981093 ]
 [ 2.7918959  -2.4523664 ]
 [ 2.6821284  -2.2146528 ]
 [ 2.7918959  -2.4523664 ]
 [ 2.419528   -2.0415034 ]
 [ 0.45997876  0.00681211]
 [ 0.501363   -0.05530111]
 [ 2.6821284  -2.2146528 ]]
2025-12-21 18:01:08,632 - [INFO] - ------------------------------------------------------------
2025-12-21 18:01:08,632 - [INFO] - On Validation Set:
	Accuracy of RRL  Model: 0.9011748445058743
	F1 Score of RRL  Model: 0.6714021873595581
2025-12-21 18:01:08,638 - [INFO] - On Validation Set:
Performance of  RRL Model: 
[[1257   29]
 [ 114   47]]
              precision    recall  f1-score   support

           0       0.92      0.98      0.95      1286
           1       0.62      0.29      0.40       161

    accuracy                           0.90      1447
   macro avg       0.77      0.63      0.67      1447
weighted avg       0.88      0.90      0.89      1447

2025-12-21 18:01:08,638 - [INFO] - ------------------------------------------------------------
2025-12-21 18:01:09,103 - [INFO] - epoch: 47, loss_rrl: 111.28373756632209
2025-12-21 18:01:10,311 - [DEBUG] - y_true: (1447,) [0 0 0 0 0 1 0 0 0 0 0 0 0 0 0 0 0 1 0 0 0 0 0 0 1 0 0 0 0 0 0 0 0 0 0 0 0
 0 1 1 0]
2025-12-21 18:01:10,462 - [DEBUG] - y_rrl_: (1447,) [0 0 0 0 0 1 0 0 0 0 0 0 0 0 0 0 0 0 0 0 0 0 0 0 1 0 0 0 0 0 0 0 0 0 0 0 0
 0 0 0 0]
2025-12-21 18:01:10,462 - [DEBUG] - y_rrl: (1447, 2) [[ 2.8482254  -2.5098352 ]
 [ 0.72547257 -0.42594862]
 [ 2.6120348  -2.215126  ]
 [ 2.6120348  -2.215126  ]
 [ 2.5467007  -2.2437603 ]
 [ 0.12586054  0.3659976 ]
 [ 3.359741   -2.9837239 ]
 [ 2.4374142  -2.0078866 ]
 [ 3.6312575  -3.2056994 ]
 [ 1.3279964  -0.8968353 ]
 [ 1.1895136  -0.7261218 ]
 [ 2.3612561  -1.9719533 ]
 [ 2.1711495  -1.8409746 ]
 [ 3.009445   -2.595204  ]
 [ 2.6736052  -2.3025951 ]
 [ 3.456637   -2.9984593 ]
 [ 2.9146147  -2.4552407 ]
 [ 0.6000172  -0.20630775]
 [ 1.5503478  -1.1312119 ]
 [ 1.8290029  -1.519262  ]
 [ 2.9440665  -2.5505307 ]
 [ 3.1851203  -2.7764838 ]
 [ 1.8187217  -1.5532328 ]
 [ 2.4979293  -2.1213152 ]
 [-1.853656    2.313387  ]
 [ 0.8265956  -0.40925455]
 [ 2.0897396  -1.7499777 ]
 [ 2.1964045  -1.8552406 ]
 [ 2.3415732  -1.9671904 ]
 [ 2.57772    -2.1885924 ]
 [ 3.4555821  -3.0244193 ]
 [ 1.6543823  -1.3120221 ]
 [ 1.5036719  -1.0781151 ]
 [ 0.6000172  -0.20630775]
 [ 2.8482254  -2.5098352 ]
 [ 2.4374142  -2.0078866 ]
 [ 3.0582159  -2.7176492 ]
 [ 2.1964045  -1.8552406 ]
 [ 0.50141174 -0.03678817]
 [ 1.1629624  -0.69907707]
 [ 2.4374142  -2.0078866 ]]
2025-12-21 18:01:10,464 - [INFO] - ------------------------------------------------------------
2025-12-21 18:01:10,464 - [INFO] - On Validation Set:
	Accuracy of RRL  Model: 0.8997926744989634
	F1 Score of RRL  Model: 0.626108185649497
2025-12-21 18:01:10,470 - [INFO] - On Validation Set:
Performance of  RRL Model: 
[[1270   16]
 [ 129   32]]
              precision    recall  f1-score   support

           0       0.91      0.99      0.95      1286
           1       0.67      0.20      0.31       161

    accuracy                           0.90      1447
   macro avg       0.79      0.59      0.63      1447
weighted avg       0.88      0.90      0.87      1447

2025-12-21 18:01:10,470 - [INFO] - ------------------------------------------------------------
2025-12-21 18:01:10,694 - [INFO] - epoch: 48, loss_rrl: 111.7216154076159
2025-12-21 18:01:12,094 - [INFO] - epoch: 49, loss_rrl: 111.29968139901757
